100 100
54 90 71 48 84 24 45 30 63 26 81 30 10 74 34 51 67 87 26 72 35 72 68 49 42 8 15 63 19 75 72 21 72 70 8 39 24 82 70 61 5 59 11 93 65 51 89 53 9 17 52 71 12 37 93 84 46 98 97 26 8 84 42 14 87 93 1 70 59 76 41 79 13 52 33 65 88 50 81 45 54 36 69 62 49 20 78 79 6 76 75 14 28 88 49 31 59 48 87 68 
28 52 13 28 0 79 39 98 63 9 6 29 63 51 30 70 80 41 32 74 62 44 86 58 32 38 4 93 39 19 39 43 97 25 20 46 7 82 47 75 56 74 60 46 84 32 86 79 45 49 56 65 53 36 25 9 81 14 68 2 94 21 32 23 40 3 8 11 3 56 18 71 43 10 93 97 21 89 31 36 64 27 61 52 97 33 79 99 40 64 26 13 42 65 95 23 18 3 44 66 
17 38 59 81 64 37 85 24 9 29 94 60 80 28 2 99 43 39 34 50 19 0 48 2 22 54 27 16 76 52 91 15 16 79 63 85 84 34 40 18 27 33 15 35 55 5 42 75 66 1 15 33 35 96 90 51 32 22 71 14 72 76 46 20 68 28 41 26 28 67 40 44 40 78 84 21 59 76 13 50 34 64 86 88 24 48 60 16 34 7 72 18 22 78 7 86 16 62 27 72 
80 16 28 47 51 84 75 27 8 29 84 30 55 15 40 6 34 59 80 28 51 45 68 97 59 52 77 90 17 23 63 39 94 83 38 93 82 3 34 4 59 95 3 77 87 14 64 46 22 25 41 3 81 48 43 74 78 35 26 76 74 96 97 0 55 13 95 97 61 70 89 55 36 61 73 0 98 3 32 97 64 84 75 80 63 88 85 68 50 40 10 98 45 35 24 88 55 69 44 1 
13 81 68 13 86 37 91 86 70 82 70 45 20 61 60 16 26 74 90 92 7 19 1 37 50 37 13 66 2 50 87 82 23 75 76 67 91 19 62 49 62 44 62 83 78 21 67 47 57 22 71 63 61 49 24 11 45 66 33 50 32 67 30 44 7 82 65 47 39 13 75 13 8 8 33 52 87 39 37 59 84 92 90 10 74 25 0 56 67 67 54 79 49 16 32 71 60 38 44 81 
37 11 46 87 13 22 43 49 45 51 97 17 79 8 85 3 28 58 35 12 75 9 51 50 28 66 81 90 31 43 99 14 94 29 59 34 71 87 60 93 10 14 4 44 70 8 25 82 85 5 33 8 99 67 65 22 57 3 76 44 12 90 68 26 10 98 61 27 7 95 13 3 40 60 47 16 11 45 76 29 46 17 15 59 59 71 41 30 2 35 85 6 16 5 99 9 13 55 66 84 
72 37 41 36 67 9 42 3 77 23 47 76 67 12 16 26 52 74 36 85 54 2 22 16 97 68 98 39 38 11 24 22 47 15 41 5 96 66 94 37 32 89 2 21 50 1 61 17 80 57 34 98 88 57 10 94 60 99 48 85 85 63 24 43 99 73 80 40 28 34 72 77 27 2 74 27 22 69 10 33 74 57 24 12 43 9 65 15 3 67 54 67 93 1 29 88 89 55 65 62 
73 7 33 60 85 55 51 36 32 73 56 14 73 96 73 74 28 14 8 31 73 28 17 14 84 22 14 53 25 64 71 44 44 67 15 39 49 86 78 2 52 45 3 18 19 3 53 88 90 70 33 91 46 81 96 93 90 2 93 24 70 97 41 87 22 1 14 36 60 9 15 78 8 35 76 32 90 84 3 3 54 10 40 97 23 30 32 70 80 56 28 59 98 16 50 35 5 68 35 99 
17 59 74 73 90 56 73 22 48 58 87 74 62 92 55 61 12 34 97 86 96 86 90 23 91 34 28 91 9 76 83 71 25 44 57 10 85 36 97 35 32 44 50 26 45 92 26 44 83 43 52 78 54 87 79 94 96 15 77 42 28 71 78 87 43 33 3 29 36 6 13 24 68 25 29 29 65 9 88 16 30 69 57 63 31 87 84 28 97 79 18 48 70 52 67 41 81 84 68 44 
75 63 62 53 35 38 37 38 84 83 6 94 97 99 9 13 60 14 75 39 25 80 30 54 77 65 17 58 6 15 9 99 49 60 11 68 81 1 91 3 97 6 87 72 95 63 87 73 62 29 85 56 87 22 84 31 40 10 68 75 49 99 36 36 32 93 6 57 0 28 81 51 35 5 44 36 97 5 2 2 55 13 33 78 79 23 49 96 16 5 70 91 79 24 98 0 6 87 47 52 
9 75 4 6 64 52 24 97 4 19 94 21 78 60 60 91 64 77 54 53 1 74 19 18 83 68 54 60 51 33 24 75 44 3 88 77 15 70 89 18 0 91 7 52 56 4 41 38 91 99 89 78 25 52 84 48 70 58 6 6 97 49 31 41 34 43 6 45 18 62 67 98 79 90 36 24 15 62 45 97 39 23 98 12 31 96 92 0 82 12 19 63 88 39 28 30 58 13 62 44 
87 43 28 94 13 14 93 23 43 41 10 55 49 18 34 44 4 77 25 92 59 50 95 62 99 95 56 40 54 60 97 80 85 76 27 42 91 27 21 89 37 6 55 29 36 77 53 25 14 57 14 1 14 45 94 6 62 48 72 52 9 34 66 3 57 19 80 70 10 41 98 27 23 15 92 38 27 1 4 12 84 38 60 70 65 32 39 78 58 1 99 91 46 22 32 32 58 82 72 91 
51 85 26 97 56 27 26 4 65 42 5 9 76 65 25 39 29 89 33 66 18 51 8 11 45 51 30 52 92 17 30 9 14 60 73 78 87 67 66 10 94 53 70 78 92 12 32 54 90 82 18 10 30 56 70 38 47 68 59 87 99 8 24 53 22 96 94 52 39 94 77 95 21 77 77 3 24 26 76 92 63 79 66 15 56 95 97 76 45 68 7 39 47 94 14 57 22 71 66 97 
66 91 65 41 78 74 64 3 72 58 87 15 25 15 61 27 43 38 84 3 20 21 15 62 3 28 56 57 83 25 49 10 96 51 57 95 19 63 46 44 26 10 89 30 41 99 53 28 38 63 64 68 54 79 57 76 40 43 20 75 50 39 56 8 8 80 80 47 29 94 90 37 38 9 65 1 88 10 13 98 90 25 5 25 56 52 61 68 80 16 34 9 72 60 33 79 79 91 0 20 
48 82 33 25 91 45 47 0 71 78 68 52 3 93 68 30 68 65 33 30 42 15 36 54 43 31 20 27 80 34 89 21 23 56 59 33 96 21 88 33 96 94 93 10 57 97 47 57 68 10 74 80 33 63 85 97 58 38 31 56 21 35 46 79 80 27 30 8 50 31 90 61 17 40 93 0 17 95 88 93 29 89 48 59 98 65 6 56 64 17 31 84 59 96 57 28 69 88 79 76 
32 42 54 38 98 71 12 64 94 89 20 0 12 45 78 87 48 52 40 72 13 86 4 82 86 51 83 50 74 17 1 8 92 16 37 84 37 24 83 47 81 15 38 17 76 68 54 26 31 47 0 27 82 47 23 14 80 22 10 78 76 17 5 3 76 56 32 52 15 62 56 28 83 62 92 58 40 54 43 98 5 95 95 5 17 94 40 96 63 2 22 2 57 66 76 45 20 78 61 66 
87 20 45 73 25 58 33 36 98 69 1 36 69 20 79 17 41 85 47 35 13 84 94 70 78 48 62 24 93 13 94 41 21 14 33 53 81 62 39 43 75 21 22 84 37 80 75 14 50 27 97 61 23 98 28 40 43 76 3 7 7 31 92 78 39 6 88 24 2 38 6 45 54 93 18 23 50 94 37 64 10 1 69 34 64 31 37 82 25 55 28 14 86 5 13 71 6 45 22 6 
77 66 92 51 13 9 97 34 86 26 43 51 57 98 72 30 92 74 33 50 40 4 37 74 71 61 93 17 17 20 50 72 28 54 53 52 5 91 74 2 27 98 90 54 8 22 48 9 68 20 43 88 16 46 61 81 15 61 58 53 91 38 44 11 2 32 75 32 75 86 28 8 15 69 40 23 30 37 47 81 16 45 40 34 1 56 47 24 68 68 18 60 77 52 30 3 96 76 14 68 
13 73 89 88 26 4 21 14 37 82 25 79 44 8 78 6 29 40 23 36 8 35 31 74 9 88 56 23 60 36 77 13 86 84 86 64 67 72 71 9 13 74 59 60 70 10 42 73 58 48 7 78 24 86 87 1 39 92 85 20 45 21 24 76 26 7 64 69 57 16 91 1 58 68 0 76 24 35 32 96 42 57 20 26 61 0 94 15 26 56 14 91 79 6 46 82 48 52 42 53 
67 21 94 30 35 77 20 78 90 79 17 96 70 10 65 95 81 72 49 7 99 83 13 39 26 96 27 5 5 13 97 34 2 77 26 1 57 9 42 45 56 19 54 51 72 31 98 62 81 24 28 90 4 39 92 55 63 16 17 19 75 68 30 12 68 88 17 22 69 13 97 73 90 72 30 14 20 21 17 50 10 30 1 5 47 75 50 42 57 22 20 53 81 68 54 73 6 41 0 15 
45 93 33 48 98 50 4 25 43 23 11 6 83 97 43 12 88 20 21 46 57 50 63 32 10 49 26 4 76 69 67 56 12 80 78 47 16 65 14 35 77 90 86 34 98 79 68 53 84 98 94 27 3 1 74 31 96 22 36 9 63 16 28 42 74 47 15 12 53 3 58 58 6 62 3 78 21 13 53 69 16 64 7 10 69 85 37 72 25 98 16 45 36 95 57 32 45 94 68 37 
14 55 41 70 80 72 60 46 26 98 18 68 67 72 14 81 65 98 46 69 14 72 10 1 86 79 94 60 27 94 69 98 69 75 25 13 60 0 23 9 1 53 27 91 35 48 24 40 34 17 65 45 81 57 37 85 1 13 97 56 46 68 79 5 34 0 72 66 0 56 84 30 35 41 78 83 49 56 83 61 93 38 30 18 10 9 92 83 45 46 86 65 6 6 51 32 80 52 50 51 
91 70 19 84 42 41 53 86 18 92 49 40 37 87 65 49 99 45 9 95 30 94 81 92 87 0 91 11 73 96 55 9 12 70 82 60 27 86 42 45 2 15 30 58 81 25 9 24 14 55 89 0 85 74 35 96 95 54 50 74 37 80 5 97 25 75 30 46 78 42 26 32 0 94 83 28 50 16 82 23 77 29 3 78 41 87 89 60 41 28 78 77 45 31 89 76 11 29 33 83 
57 63 46 96 35 23 4 92 61 79 48 43 93 89 17 41 1 1 32 12 63 18 25 80 92 41 82 86 79 11 8 61 74 23 0 9 70 56 31 24 48 21 2 35 0 16 77 33 16 77 44 6 78 94 19 83 21 48 95 14 94 75 51 67 1 62 35 86 78 95 21 97 44 42 54 90 42 39 35 46 44 10 42 38 79 44 5 46 25 59 0 95 72 69 70 13 94 42 87 86 
93 85 21 86 72 67 25 47 36 83 76 84 10 70 10 95 11 18 67 30 48 88 49 27 48 65 49 23 60 15 28 25 58 26 86 51 56 73 62 73 86 28 74 44 65 99 96 63 71 97 13 58 51 48 54 77 93 37 62 91 32 58 74 80 49 64 1 31 69 30 57 92 6 97 97 37 8 78 3 25 5 7 34 75 72 27 91 98 98 82 56 18 4 50 28 25 15 21 92 84 
90 43 27 78 81 96 26 71 70 77 27 51 96 80 61 72 93 37 48 0 10 51 57 59 91 17 18 28 97 51 92 21 40 3 82 40 54 35 71 6 25 98 94 53 8 64 44 29 62 15 48 44 13 69 12 67 42 81 74 86 61 52 27 16 51 35 2 18 79 57 9 22 39 8 67 70 57 73 49 33 52 94 78 55 63 5 90 34 91 18 71 57 27 73 2 72 12 81 22 98 
48 38 86 49 54 15 38 55 52 36 41 8 2 73 64 61 4 54 78 63 24 22 35 49 24 87 61 33 58 18 75 49 9 40 99 15 32 9 47 67 99 63 34 94 87 56 49 7 37 52 81 77 48 73 67 90 35 98 14 94 46 78 66 17 17 62 52 57 0 24 43 15 26 32 43 65 38 22 10 92 56 82 55 93 70 98 49 65 94 23 83 69 23 92 37 48 15 97 0 15 
56 94 50 18 18 66 81 42 75 70 71 37 80 53 79 76 44 94 5 47 55 77 98 20 65 52 76 75 40 53 22 11 21 64 57 98 37 91 51 58 3 49 82 6 59 47 74 66 45 18 32 74 71 24 58 89 37 45 53 27 22 47 46 72 10 43 96 33 56 2 65 42 21 91 36 96 47 12 60 50 61 31 74 87 58 89 13 78 11 4 38 14 10 71 50 61 45 58 73 29 
15 58 4 40 96 7 77 74 91 45 33 77 4 66 58 81 30 23 71 37 78 48 10 94 0 28 14 46 40 60 56 32 40 98 39 41 7 82 37 84 85 52 12 65 1 26 87 67 69 66 36 93 63 22 73 1 3 70 19 37 76 51 97 85 51 87 55 41 83 92 24 27 34 30 83 82 77 29 40 43 9 87 19 57 52 66 11 93 45 42 4 34 84 98 89 87 58 5 47 76 
60 3 79 62 16 95 99 72 81 72 84 98 86 83 45 27 95 53 90 67 63 37 24 93 5 22 73 6 46 56 47 46 34 45 39 14 39 34 0 85 79 48 39 15 81 68 95 67 43 16 40 44 33 26 79 28 20 55 49 69 52 91 1 60 34 94 86 57 48 14 13 45 27 27 60 43 71 63 97 40 54 28 78 28 28 67 59 16 30 14 2 43 49 54 92 99 84 49 10 68 
6 91 31 91 39 97 69 31 48 10 21 58 59 95 52 12 81 14 6 42 5 83 72 49 47 25 68 56 96 22 70 7 62 21 68 4 85 56 30 24 28 44 82 65 80 44 54 79 33 3 79 51 5 20 3 2 87 64 95 99 2 25 1 41 22 94 97 88 78 80 7 0 37 15 34 78 59 10 86 63 50 18 80 83 22 83 57 50 0 78 69 4 18 62 52 73 13 94 5 76 
60 57 11 92 29 20 95 57 4 98 94 23 46 36 98 7 27 28 65 4 38 40 10 15 5 84 80 42 88 49 26 52 70 56 1 77 34 80 94 54 8 22 82 90 19 96 31 38 6 10 29 89 16 94 99 86 76 37 4 37 27 0 33 80 89 27 58 70 31 45 71 51 1 38 69 36 65 80 11 64 75 5 16 24 50 95 3 65 67 42 22 73 10 72 21 79 73 16 96 53 
64 16 66 19 48 70 76 73 33 33 79 57 80 92 75 58 17 3 65 28 3 36 35 51 60 64 57 57 46 68 7 61 80 96 56 66 12 21 78 59 47 24 80 17 52 83 77 8 44 81 48 79 43 90 64 12 75 40 72 8 70 69 74 34 81 13 95 69 44 94 78 77 50 65 32 31 0 60 57 8 28 49 55 9 45 63 53 73 74 22 40 26 71 45 79 95 53 23 9 9 
78 51 83 95 68 78 79 91 49 71 99 39 26 69 99 23 41 58 35 12 68 43 4 9 67 27 39 31 98 6 42 15 23 3 96 28 90 18 58 33 68 99 3 62 4 90 79 56 94 28 80 51 88 63 9 84 55 1 3 48 53 80 57 63 98 95 37 77 47 82 32 77 16 19 86 12 93 21 60 16 66 32 29 35 23 69 64 80 40 6 49 29 51 23 12 1 25 63 58 82 
56 43 89 48 83 80 66 8 76 96 97 19 83 14 54 50 56 32 14 37 76 49 62 92 32 19 67 28 50 62 87 98 3 89 40 31 6 17 97 49 43 96 64 14 62 98 60 23 11 45 0 54 5 64 95 71 76 99 83 33 17 55 53 55 26 24 81 39 50 76 32 50 98 95 45 78 11 99 51 65 69 5 80 34 91 4 3 53 76 13 99 20 43 83 6 5 76 1 78 81 
6 99 92 82 92 39 9 55 12 23 48 50 93 75 77 90 2 41 58 25 9 34 73 88 37 83 90 54 5 13 38 51 67 19 38 53 36 88 55 89 72 66 0 47 50 47 61 90 12 4 35 4 73 26 78 55 22 78 62 18 87 48 29 46 26 80 30 11 37 99 81 87 19 78 11 71 64 62 83 36 3 48 26 30 89 3 17 31 15 63 55 42 46 24 56 82 53 68 91 46 
5 68 53 38 22 72 88 3 8 87 97 40 64 88 12 99 64 5 40 93 88 45 4 10 4 53 89 61 70 0 78 87 74 23 17 44 94 3 94 77 1 90 48 89 15 60 33 14 43 10 60 93 26 34 75 0 6 35 70 92 15 81 49 54 25 29 63 1 44 21 76 43 48 71 75 50 49 87 40 62 8 77 34 94 86 66 1 50 35 27 1 6 86 35 11 59 7 42 64 90 
55 20 12 40 3 33 7 30 17 19 65 20 99 44 55 17 11 85 16 68 78 40 61 14 22 73 15 49 78 70 11 30 93 7 41 34 45 53 19 96 18 67 49 71 77 61 71 92 74 20 9 4 52 18 43 81 91 99 22 40 16 89 70 55 98 4 94 28 10 92 18 1 27 64 65 79 89 18 92 7 17 49 4 6 86 77 38 77 64 27 54 17 54 9 72 72 44 79 33 29 
63 50 13 91 42 55 64 22 86 53 49 36 1 5 64 78 63 1 31 96 1 47 39 1 71 15 60 28 67 92 37 60 7 24 67 4 58 68 59 33 43 70 74 57 74 37 66 27 39 50 89 69 1 71 4 12 76 54 8 52 9 77 64 9 69 36 98 48 93 57 19 8 71 55 48 45 52 14 17 87 47 10 92 94 70 73 15 4 82 11 67 50 8 36 68 69 14 85 41 25 
85 28 74 73 51 65 59 13 91 11 69 56 37 5 54 32 31 97 46 79 10 85 30 55 55 75 16 63 51 30 54 83 88 98 58 14 12 93 39 56 80 55 66 89 70 12 34 74 62 49 81 60 80 79 94 29 3 44 54 90 28 87 72 46 72 48 97 18 5 12 51 31 18 43 99 60 56 61 55 97 56 85 86 19 66 80 20 3 18 84 58 51 35 15 97 87 4 68 70 55 
40 41 21 82 38 43 70 77 43 44 31 8 41 36 48 42 45 83 76 43 60 68 81 34 92 9 43 26 42 10 44 9 55 1 76 95 76 69 62 12 40 59 74 15 56 50 57 60 18 76 71 48 73 2 66 91 84 35 42 70 73 23 55 75 84 83 80 27 89 86 81 79 62 64 94 37 59 53 18 36 56 58 61 95 13 59 16 43 88 25 60 64 80 57 91 75 64 66 64 82 
95 18 67 79 45 83 76 37 47 71 55 2 62 23 88 32 68 58 57 34 25 42 3 1 90 18 94 62 86 14 49 90 73 24 17 19 81 14 98 68 81 84 51 99 81 70 92 12 90 46 86 99 9 89 65 65 30 29 47 62 63 56 85 20 34 91 70 87 47 78 2 83 71 32 62 29 15 24 51 86 21 57 58 7 45 29 14 92 42 29 36 18 98 45 54 60 86 98 58 93 
88 79 59 87 74 48 7 16 1 2 39 69 32 32 86 88 84 93 77 78 38 38 80 48 5 39 83 8 12 54 9 66 99 84 95 48 63 68 4 25 79 35 78 17 67 55 72 58 60 0 89 92 38 7 4 39 5 90 20 82 46 38 19 35 83 40 22 52 43 23 86 92 39 83 63 86 75 3 47 16 19 89 87 24 47 45 93 50 65 19 25 87 47 42 23 81 63 61 25 37 
37 44 9 16 87 63 55 64 17 37 55 52 15 72 97 24 38 38 30 75 19 28 28 56 28 1 30 93 71 38 29 87 82 93 36 24 56 24 0 47 31 69 97 66 37 35 66 24 58 93 46 32 60 64 77 61 0 20 48 66 88 44 54 41 78 2 63 37 78 23 33 79 26 84 16 51 67 9 59 53 60 82 27 80 68 89 5 99 61 0 76 66 44 92 48 90 58 19 90 96 
19 67 33 24 27 82 66 62 87 39 61 5 97 16 18 56 40 54 86 29 19 78 52 8 72 86 49 73 56 34 37 9 70 63 55 93 94 1 67 8 69 52 91 81 56 49 58 41 21 63 37 88 31 0 77 15 87 8 10 82 4 14 95 1 25 38 45 29 70 23 32 45 57 59 97 5 18 4 41 9 81 68 1 23 31 68 96 62 68 37 17 85 37 2 82 47 28 48 4 15 
34 57 46 4 22 2 42 78 61 65 87 67 87 32 44 12 36 54 99 65 99 44 95 14 55 60 55 39 0 83 83 98 95 56 48 61 19 51 97 71 94 8 73 33 70 19 80 17 84 66 75 42 4 34 9 71 27 18 93 33 96 64 17 61 19 31 72 40 0 88 23 5 28 37 22 4 66 24 82 16 92 48 6 50 47 86 1 77 12 6 30 43 5 69 98 62 63 76 66 77 
75 54 47 87 76 82 16 45 63 61 14 62 9 79 79 57 9 35 17 5 30 81 55 0 86 19 55 20 42 70 91 6 95 47 82 93 73 93 93 45 33 32 61 54 80 29 70 31 83 0 81 33 91 78 40 1 23 25 87 33 18 51 28 61 58 21 38 15 71 80 93 63 88 29 45 87 3 13 20 95 2 26 14 11 49 34 55 44 70 23 18 0 68 27 47 69 45 55 15 35 
24 88 17 8 25 20 0 91 73 98 63 85 14 43 31 73 70 96 26 57 57 12 67 77 57 90 33 52 27 63 40 77 86 94 59 56 56 65 22 20 3 63 34 86 46 52 33 54 58 37 95 90 94 51 1 37 56 35 51 19 27 60 35 75 75 84 92 10 47 55 82 39 15 58 42 86 64 25 23 90 37 74 63 61 31 6 26 47 43 61 58 38 99 96 95 98 26 1 46 19 
87 67 50 27 26 53 9 54 40 86 94 25 40 79 36 18 82 27 76 17 63 91 87 62 57 40 65 7 68 4 25 89 19 38 94 56 17 72 95 49 10 23 11 0 48 88 60 69 69 94 92 76 54 54 55 61 97 12 76 84 96 16 53 65 58 7 17 59 47 94 3 77 82 14 68 9 81 90 48 81 61 79 95 61 67 79 33 4 31 17 92 46 9 22 43 52 22 3 15 41 
97 16 24 89 57 12 88 51 71 8 68 48 39 91 1 21 55 85 92 45 58 54 87 2 82 88 28 22 73 46 93 0 64 48 67 53 43 59 29 27 83 24 67 73 22 28 32 37 50 58 49 51 59 77 17 84 23 58 95 53 28 65 16 14 7 81 36 79 60 47 25 36 23 12 87 5 75 87 83 15 12 42 44 43 59 75 99 20 25 75 33 66 39 76 34 15 8 89 42 58 
6 75 49 97 82 9 40 85 95 17 64 82 8 29 96 2 34 57 56 96 6 99 32 28 30 66 53 45 99 2 83 55 37 46 73 60 30 66 17 92 28 95 78 24 27 88 68 45 84 32 21 9 52 9 93 87 61 33 30 82 77 13 41 53 67 94 89 36 60 36 48 15 64 27 4 79 31 48 74 81 78 51 32 48 61 9 88 98 61 94 98 17 16 18 8 90 94 1 15 60 
40 59 46 11 29 61 42 61 95 83 58 49 66 52 76 40 6 35 43 65 60 2 0 98 51 50 92 53 0 40 42 45 33 72 50 31 54 31 2 12 70 38 72 14 26 80 58 37 62 89 83 72 81 32 48 77 26 77 87 9 10 14 75 54 58 66 6 64 76 78 55 66 40 9 32 87 78 66 73 7 53 6 41 44 27 45 71 13 26 20 1 0 18 11 16 34 25 68 13 99 
1 95 54 80 49 52 30 68 16 53 18 7 52 71 65 40 51 3 39 36 24 57 93 38 88 79 31 32 76 83 40 99 14 73 72 59 40 91 4 30 11 48 4 27 79 54 47 86 37 14 26 50 91 8 75 21 79 99 28 39 99 86 37 9 22 33 22 8 58 0 95 8 7 39 83 2 71 15 25 73 0 9 71 28 74 24 8 93 77 96 69 33 91 2 34 23 35 1 57 20 
62 65 35 83 70 92 52 65 74 93 26 3 97 38 81 32 16 28 88 90 11 49 25 0 66 78 95 85 96 50 91 85 21 11 44 35 66 66 6 49 72 25 9 99 6 28 32 61 12 51 57 31 3 33 70 44 6 78 38 85 62 74 43 60 80 64 30 50 57 93 94 40 96 65 13 16 90 49 97 26 15 86 27 54 58 89 49 99 34 46 36 20 74 17 84 5 35 21 64 92 
5 54 36 72 0 13 6 60 56 21 84 97 72 21 49 80 69 32 75 10 70 30 61 67 4 72 88 44 35 89 34 43 87 51 33 34 83 52 39 65 58 13 34 34 69 9 17 80 78 30 62 59 88 9 25 86 21 80 77 58 17 48 68 17 13 38 49 72 82 0 3 90 16 5 49 16 88 77 37 46 27 33 45 54 41 95 27 52 7 65 20 89 37 38 52 17 57 93 0 42 
56 18 64 81 46 47 86 16 90 84 82 44 99 86 98 56 31 97 42 23 81 57 39 38 32 84 33 30 7 26 4 35 75 29 96 66 84 76 25 41 53 34 10 12 70 14 26 91 81 39 86 10 12 30 50 30 81 59 25 96 58 51 37 51 88 64 37 57 99 56 27 28 71 0 26 74 9 95 35 31 52 45 67 87 38 22 64 9 9 71 36 71 56 96 77 91 2 15 15 84 
93 55 84 57 69 86 84 88 88 40 50 62 27 66 58 19 85 1 14 50 16 73 81 43 42 0 22 27 0 46 49 69 71 17 69 35 15 63 47 33 42 79 43 86 44 79 44 41 5 96 95 74 46 21 58 43 56 93 53 61 94 51 25 71 76 83 70 51 7 38 62 50 72 51 24 4 14 79 25 57 11 28 27 97 85 50 34 19 51 52 68 16 73 95 34 48 83 46 38 90 
25 45 66 96 65 76 99 77 40 38 88 87 45 0 74 85 93 7 10 58 78 38 60 87 75 97 42 15 34 69 5 9 28 29 82 0 61 47 42 49 0 3 8 24 56 91 80 80 72 89 65 57 49 71 71 7 95 19 89 34 8 18 89 72 17 87 39 77 67 41 34 72 21 13 62 22 5 52 86 47 34 45 51 44 9 82 75 88 46 74 78 33 56 95 32 33 79 49 42 76 
1 71 29 8 92 51 61 76 24 89 64 85 26 7 26 8 87 4 12 56 30 30 94 98 88 13 68 3 82 93 86 13 0 69 59 52 67 64 25 40 17 58 28 84 15 48 34 29 81 41 72 18 38 17 2 32 71 49 78 70 2 61 77 36 88 64 72 32 99 5 83 79 26 42 5 34 52 56 68 48 79 63 83 18 11 50 73 68 45 83 82 29 75 20 71 23 82 80 28 60 
45 2 76 76 4 52 8 73 20 53 15 70 74 24 42 65 19 99 56 2 50 0 80 70 27 65 80 44 25 56 89 91 34 5 85 92 38 19 52 31 22 82 16 6 73 10 10 97 86 40 93 32 75 22 39 11 41 41 75 2 14 3 72 81 85 43 10 0 20 24 64 70 74 1 0 23 78 34 65 26 37 60 62 23 59 36 39 6 45 39 91 77 18 92 96 16 39 60 36 2 
62 19 4 17 51 81 91 26 87 46 16 82 4 20 35 55 55 54 34 17 39 84 61 57 66 60 75 53 96 45 47 21 62 21 80 81 22 33 22 36 45 34 16 64 65 11 13 69 20 83 13 26 47 54 80 2 80 63 24 26 80 25 43 71 28 99 77 21 66 68 59 43 64 49 90 5 86 7 98 34 95 3 30 91 76 96 16 24 32 94 95 45 69 85 58 73 63 36 78 89 
12 27 85 32 82 20 39 52 38 71 50 68 77 6 4 6 54 68 8 51 40 56 45 42 14 32 14 42 34 71 11 97 55 3 85 95 52 58 66 72 84 13 85 30 30 93 69 12 38 45 35 42 94 41 13 4 44 11 78 24 90 38 55 97 75 26 49 66 99 74 7 59 54 12 52 70 80 92 35 59 31 47 10 66 25 3 85 12 82 6 83 99 72 3 39 19 21 69 46 94 
25 60 82 33 81 25 53 92 46 30 34 57 28 47 16 8 29 62 50 99 36 24 38 28 60 67 85 55 4 45 37 40 78 44 19 62 76 7 90 65 71 76 47 2 57 96 21 70 96 84 50 1 14 31 80 57 51 96 67 70 70 89 4 59 50 76 86 14 76 32 40 44 77 8 3 25 78 88 40 80 11 98 8 9 13 69 88 49 94 82 85 37 84 1 63 31 78 13 59 14 
33 89 14 85 94 13 4 98 3 85 25 7 87 28 59 63 16 91 76 84 7 33 37 40 77 16 85 10 80 71 44 52 51 85 83 76 8 6 97 23 70 65 29 38 67 13 72 75 56 4 58 16 28 7 57 0 79 53 61 10 56 17 56 79 62 36 16 71 59 56 47 41 89 79 61 59 74 48 40 81 67 31 80 30 89 94 91 45 60 10 76 52 56 56 61 4 50 97 71 5 
45 50 45 14 37 45 31 79 24 12 74 2 48 61 35 63 81 97 26 58 3 10 87 3 12 96 82 91 42 1 29 82 66 68 71 62 33 10 62 0 16 27 50 51 95 80 95 89 17 77 99 62 24 31 56 35 28 83 64 25 43 52 43 13 61 66 70 31 64 1 51 38 37 25 2 26 13 50 76 67 93 45 61 80 81 45 78 91 6 53 28 87 90 30 48 28 37 58 30 18 
10 47 30 43 86 30 42 17 15 99 91 30 52 32 82 82 23 55 47 0 41 28 81 38 13 98 65 29 24 2 14 65 66 94 83 25 42 12 30 29 43 34 67 78 9 41 51 87 67 58 70 13 89 18 69 15 90 69 94 7 25 92 30 48 93 70 90 20 60 39 31 91 73 25 28 2 24 37 18 72 50 40 20 78 2 73 49 91 65 93 97 37 62 30 57 47 28 96 83 70 
82 10 32 11 62 73 10 38 32 6 65 38 66 16 89 59 47 92 48 20 14 97 37 16 95 56 10 0 13 55 63 42 13 31 55 44 55 34 45 45 86 94 33 87 38 64 5 10 57 91 7 93 92 51 10 25 7 89 49 23 5 34 10 50 64 61 62 93 50 18 78 47 72 37 97 34 1 70 66 86 86 53 95 22 20 70 54 51 89 61 54 6 21 78 85 65 32 67 98 4 
75 76 69 72 56 5 28 26 39 89 5 44 94 7 46 92 43 53 99 91 75 31 28 25 19 55 37 53 4 39 87 40 44 52 14 55 69 77 30 20 85 53 54 21 56 55 41 30 50 63 9 28 33 5 58 50 86 22 52 29 66 28 52 30 91 69 99 54 13 93 80 56 43 39 77 14 82 46 82 34 54 1 70 37 97 59 38 81 65 63 67 88 84 20 7 57 36 80 1 78 
19 9 44 42 90 1 45 67 11 34 61 27 93 42 36 52 25 99 21 13 70 98 37 55 38 81 2 62 57 26 69 70 18 46 10 37 22 18 4 46 69 43 42 58 63 9 83 53 15 42 58 49 31 59 5 30 85 74 22 20 97 85 99 92 11 34 56 9 18 30 76 87 3 47 21 27 0 38 81 39 25 14 51 97 5 86 19 58 31 40 92 53 4 92 75 78 73 66 63 28 
62 83 95 56 20 51 66 95 68 13 95 86 3 24 91 33 87 42 71 75 16 83 10 73 26 52 64 18 81 51 34 41 52 63 31 37 59 60 31 53 66 3 15 95 27 62 76 16 86 46 59 20 16 65 36 28 87 20 93 81 35 37 22 63 66 83 55 29 74 2 48 5 95 26 37 95 3 8 43 17 90 63 55 32 80 84 35 4 4 82 31 50 5 18 10 52 73 27 16 38 
21 82 48 50 79 69 56 36 36 55 61 80 44 24 92 86 22 51 34 75 74 29 93 55 45 87 6 25 56 29 30 63 52 17 52 19 31 0 34 77 74 32 85 84 4 5 39 15 29 88 83 84 44 91 41 38 48 27 53 30 45 66 60 44 27 24 6 53 17 57 95 31 63 19 50 21 74 32 12 10 32 79 6 66 14 6 91 28 81 36 43 37 68 84 81 97 99 10 20 41 
67 49 92 12 24 88 37 0 89 62 68 0 1 85 53 64 8 30 86 49 98 28 65 79 16 6 88 96 18 23 12 18 53 86 60 22 81 67 70 53 1 25 46 52 73 19 76 14 80 20 48 87 50 39 2 5 49 97 47 87 63 24 45 27 97 76 83 0 2 79 9 22 46 6 3 55 32 73 88 60 34 32 66 13 89 92 1 37 91 75 87 47 90 80 85 47 48 33 80 36 
47 77 99 9 72 66 26 25 23 62 19 34 63 0 22 90 34 1 60 66 6 34 66 37 6 92 86 66 30 77 5 71 60 24 24 89 44 70 10 21 30 56 60 39 88 47 68 96 10 58 97 79 99 5 71 96 31 16 90 92 95 22 14 33 61 36 43 35 2 52 6 55 95 12 45 66 87 67 11 56 39 38 92 37 84 51 55 94 64 45 0 87 57 11 74 61 16 72 72 3 
74 92 83 60 87 72 66 88 34 94 73 10 94 91 24 92 67 0 50 35 87 47 89 0 0 52 44 0 98 24 63 48 84 98 75 3 70 51 88 51 98 80 63 82 61 55 54 63 7 92 41 91 38 19 86 48 76 82 38 97 12 28 40 43 97 45 51 0 1 70 10 17 40 58 88 43 93 36 77 74 73 59 47 86 47 99 60 75 78 23 43 29 58 23 22 17 83 88 88 13 
51 69 93 70 72 37 4 61 94 22 6 77 45 67 48 32 80 83 23 3 29 38 53 5 48 97 31 22 55 1 22 90 35 40 10 83 0 63 41 1 84 66 17 82 37 31 47 2 67 18 92 32 60 0 32 94 49 54 86 8 97 16 65 33 79 51 84 5 3 56 37 3 60 43 34 66 23 91 30 85 77 57 41 41 98 75 95 62 56 89 76 36 37 97 76 13 85 8 88 60 
23 89 61 63 89 6 52 46 25 63 93 52 7 77 6 90 38 5 48 83 29 27 55 73 71 33 8 22 50 2 84 98 46 36 67 87 81 90 62 50 97 0 74 29 39 35 43 19 3 37 0 92 36 30 24 49 7 88 43 50 3 90 14 6 88 52 67 89 11 84 94 41 77 20 34 5 20 96 41 1 97 66 99 34 10 79 53 9 10 42 60 59 81 38 65 26 72 6 22 87 
33 42 5 20 31 43 56 97 4 60 85 35 25 16 16 8 23 73 40 86 96 4 69 67 7 86 16 67 90 28 64 22 17 42 52 69 35 88 96 67 82 81 3 97 32 24 76 73 5 51 16 29 26 67 21 44 60 95 41 96 92 62 98 66 32 50 5 22 39 93 13 95 92 54 35 57 82 88 88 17 98 27 94 8 17 99 62 71 54 50 74 11 76 31 41 36 33 0 90 99 
35 14 34 35 38 75 75 60 41 88 85 49 59 89 52 94 3 24 52 57 77 44 13 20 82 75 74 74 55 84 71 57 40 78 77 32 20 1 76 81 44 94 1 88 95 66 43 23 27 70 91 9 68 39 2 46 19 74 69 55 61 58 1 56 14 86 91 40 18 6 96 54 1 6 88 7 18 77 44 63 99 64 87 51 0 16 18 41 38 57 1 69 20 27 85 14 38 38 27 93 
41 53 91 52 83 44 16 38 41 43 3 88 91 0 43 52 22 49 52 96 51 72 49 5 20 74 52 30 55 63 55 43 80 14 46 99 94 4 87 24 51 12 3 32 88 84 74 56 69 60 87 89 41 69 50 84 96 38 87 69 72 59 75 59 99 9 91 98 49 17 46 70 91 98 15 64 27 3 95 10 58 10 73 71 45 23 71 63 91 46 48 57 1 29 35 66 18 88 59 96 
71 9 14 89 19 16 50 5 78 2 8 4 96 12 73 9 31 71 45 52 98 3 8 31 92 53 92 96 54 45 44 67 81 7 34 73 31 36 14 4 26 73 78 61 64 3 78 66 82 40 87 17 20 90 90 76 54 18 50 27 18 80 8 52 86 1 85 6 63 25 50 94 34 55 60 75 44 7 85 11 55 41 88 22 50 98 22 61 82 25 88 90 87 13 71 32 63 38 71 26 
76 51 60 15 92 57 70 2 33 74 31 74 47 28 47 15 83 89 41 5 69 86 92 55 2 30 76 89 95 54 75 85 74 81 79 81 82 19 34 74 42 20 16 25 86 13 48 84 9 81 57 4 97 57 96 73 12 73 97 94 59 55 62 89 34 0 30 65 3 78 89 28 56 90 25 94 4 74 5 25 36 18 84 37 87 57 12 48 78 29 6 77 15 10 52 61 29 94 86 73 
0 78 6 71 58 88 99 91 70 39 40 57 61 99 3 2 38 67 54 54 95 70 50 64 41 5 9 50 2 45 9 29 96 58 44 31 50 97 77 48 2 81 62 69 98 65 24 12 90 26 57 71 63 14 65 81 11 27 43 49 89 42 94 76 51 36 76 19 35 82 78 24 66 86 17 30 44 45 21 11 74 64 76 38 85 66 95 18 99 34 48 52 63 84 15 90 99 84 21 44 
60 76 64 40 15 51 15 29 6 69 93 14 87 35 15 99 44 98 7 20 65 16 52 25 83 53 26 51 5 86 49 77 96 47 21 94 73 78 74 28 55 21 73 93 67 82 82 46 94 70 69 20 54 85 63 40 12 93 17 27 23 0 28 13 24 5 52 68 48 80 90 61 2 24 22 4 60 21 49 0 51 27 27 67 86 84 11 17 67 99 83 82 89 64 87 8 26 40 53 46 
17 41 22 68 67 98 11 90 14 29 87 92 24 50 87 13 20 34 16 54 78 67 18 40 60 53 91 8 97 31 92 10 27 93 91 94 44 35 74 36 66 21 50 88 16 9 8 82 85 31 63 42 19 88 40 42 64 75 7 78 11 53 24 96 70 55 68 31 12 67 86 69 47 62 50 10 71 37 55 91 52 27 63 93 60 13 46 31 67 86 74 15 75 74 30 38 35 35 79 31 
87 87 61 12 37 32 81 89 99 1 84 85 61 88 62 70 27 83 45 49 21 35 91 57 13 5 80 59 34 16 35 91 40 82 8 79 61 47 78 71 27 16 51 95 8 41 39 44 85 3 22 96 87 4 91 25 87 15 29 15 57 45 97 51 24 26 1 87 82 60 45 45 25 29 42 37 45 85 75 2 89 29 15 52 22 16 47 23 50 36 56 13 3 28 89 97 90 38 46 63 
14 36 35 41 16 26 72 32 98 42 59 61 55 96 28 74 65 2 17 89 25 30 23 26 31 75 55 77 56 90 46 66 2 40 26 22 41 50 37 80 45 58 49 30 48 4 47 23 7 6 66 22 37 24 98 75 20 24 32 81 99 34 63 4 92 41 78 23 74 85 7 73 38 87 41 15 4 50 65 13 3 76 21 73 21 85 31 85 54 89 30 37 92 87 41 9 86 70 40 52 
65 94 83 0 39 78 20 6 12 59 38 88 69 36 87 19 58 3 56 66 14 74 8 84 56 12 12 35 61 98 67 89 81 7 95 58 25 82 44 72 23 48 36 19 39 50 81 88 42 32 95 48 96 39 35 81 93 81 77 96 61 55 77 57 59 13 11 70 30 23 17 69 30 19 48 9 17 84 7 36 23 56 60 69 97 28 5 31 95 39 36 82 76 84 8 90 78 14 98 61 
80 18 99 13 30 94 65 81 86 94 28 43 52 66 48 46 27 22 9 4 76 25 33 65 90 56 59 79 80 51 72 48 73 60 73 80 84 96 31 83 34 68 0 23 29 41 47 4 18 37 7 72 39 23 10 37 11 42 65 6 28 59 60 88 2 12 22 72 82 59 34 50 46 53 38 28 43 10 68 25 76 75 64 73 17 94 87 32 52 85 25 62 43 31 96 27 93 91 29 23 
23 54 21 76 99 69 23 92 32 40 90 31 0 32 88 26 94 57 25 14 50 24 12 28 37 59 83 4 17 73 0 58 80 35 62 69 97 15 32 85 10 12 3 17 63 4 29 79 6 53 42 22 2 90 54 83 29 74 53 64 88 29 58 3 61 38 43 34 43 25 25 34 7 44 63 22 33 70 80 77 46 75 56 29 41 77 65 32 9 54 9 37 82 80 78 79 93 35 89 69 
26 91 13 0 53 22 62 46 61 23 35 5 27 5 35 79 45 7 63 64 7 59 91 97 90 0 30 99 72 37 79 13 81 66 56 35 43 5 6 59 42 9 46 39 77 34 96 17 78 5 42 0 89 91 27 34 75 85 48 3 14 23 46 52 45 9 92 27 34 16 98 95 11 26 34 60 22 84 83 5 15 76 1 25 7 4 22 66 74 17 15 61 72 13 85 88 12 40 4 4 
86 91 32 92 18 7 31 16 35 81 56 29 66 4 77 88 52 85 27 89 25 64 79 48 72 56 58 6 13 4 91 88 66 9 80 88 24 77 21 69 66 53 22 2 58 38 41 12 30 2 21 67 47 72 92 58 32 62 7 78 83 8 44 53 49 91 79 42 4 11 10 60 14 24 16 55 35 81 80 37 40 24 33 69 51 4 27 3 57 96 6 10 90 96 63 8 99 15 30 71 
18 16 3 99 50 68 99 8 94 18 80 84 83 73 96 15 8 84 36 26 79 34 47 50 1 66 44 73 18 4 54 1 23 37 44 46 60 6 88 8 15 24 77 30 29 63 14 62 19 3 80 83 31 86 20 78 5 42 8 35 11 64 5 53 84 39 43 92 38 88 19 73 27 86 59 39 31 61 8 33 47 97 47 77 62 58 85 9 2 43 39 84 8 94 49 66 2 69 53 10 
45 47 28 7 9 42 20 25 73 49 30 1 93 2 77 93 34 30 91 18 29 87 81 57 34 0 68 18 44 59 93 90 67 18 88 41 82 87 24 23 26 30 94 11 37 15 65 16 81 93 63 81 16 80 58 97 63 72 62 68 73 28 66 64 68 68 99 94 85 0 29 50 46 64 86 94 15 83 47 20 96 25 60 99 12 45 22 12 89 56 9 18 28 8 64 63 61 86 92 47 
37 35 67 68 75 61 30 59 12 73 35 81 8 16 68 3 71 92 58 91 54 62 99 42 72 32 69 76 16 14 49 91 15 76 61 15 81 10 99 51 53 93 84 48 43 4 10 66 38 41 44 38 87 8 86 77 7 78 36 48 59 37 9 88 84 87 54 59 50 60 61 98 80 76 52 70 20 78 2 77 59 10 82 82 46 14 41 3 6 7 89 71 17 72 65 96 92 29 90 43 
94 92 12 39 50 66 86 5 72 21 10 15 10 69 95 31 0 41 48 49 8 83 79 89 46 89 39 1 81 93 84 30 77 87 12 24 20 58 85 76 34 82 64 35 23 84 65 21 99 96 32 41 52 38 53 43 14 23 16 15 64 83 31 34 45 13 95 72 29 75 36 54 14 76 49 93 57 69 73 57 89 50 0 21 73 21 87 74 78 8 11 16 26 6 8 68 61 95 59 21 
73 65 99 55 15 4 21 49 52 61 96 40 85 50 31 19 27 59 37 66 74 71 24 41 77 11 55 38 50 48 74 70 93 34 63 40 24 62 41 84 51 14 92 86 54 27 26 16 47 98 30 48 77 26 31 43 15 97 56 56 8 82 5 38 73 1 58 7 87 64 65 8 85 68 72 29 8 38 45 94 57 31 6 41 53 64 88 39 41 69 0 20 38 96 12 14 83 59 0 42 
12 92 55 95 74 48 58 86 41 0 83 73 9 77 58 86 10 28 93 12 25 76 3 17 11 85 65 68 50 40 57 52 52 21 97 13 57 40 31 3 24 4 89 86 16 21 22 70 3 94 70 68 84 60 74 79 41 55 81 83 14 54 18 99 90 72 82 20 78 55 85 90 29 11 13 53 90 45 48 48 51 48 6 6 7 47 78 61 79 17 4 76 9 18 10 94 39 18 22 30 
88 58 85 90 19 39 97 83 95 42 28 71 12 1 53 66 21 24 11 77 3 38 43 32 67 61 9 98 35 40 49 47 50 66 41 53 84 48 32 42 46 75 45 73 97 3 77 65 69 57 58 15 38 47 57 75 62 67 70 18 0 35 55 40 73 72 45 22 80 11 43 78 50 57 94 72 22 55 16 52 20 45 84 61 59 7 55 22 47 2 47 64 7 16 52 30 13 29 75 22 
62 46 66 63 7 4 53 21 4 76 3 64 59 64 96 0 91 37 59 35 94 81 3 38 16 78 3 77 62 34 70 33 64 27 9 27 39 26 10 31 87 25 25 59 68 21 26 85 74 92 98 91 2 0 8 78 88 77 55 66 66 66 18 80 43 25 19 16 99 17 50 42 24 14 58 19 66 24 24 22 81 36 90 4 64 37 65 89 5 74 66 94 90 14 61 16 35 57 51 30 
18 80 27 56 5 1 75 41 54 35 76 70 45 22 69 13 42 2 51 22 42 72 68 53 7 71 37 92 87 89 26 86 37 88 51 53 17 15 67 11 66 20 43 46 35 81 79 76 57 12 96 43 18 10 7 85 42 88 9 12 47 9 58 31 99 70 67 76 90 55 70 6 43 4 89 96 56 61 58 61 41 51 97 30 8 64 40 51 65 78 99 93 61 64 45 91 21 2 62 71 
