100 100
12 20 44 81 60 79 86 33 40 87 0 75 53 98 75 64 72 86 59 0 81 10 61 32 41 74 91 91 6 65 54 38 32 48 43 2 82 49 60 25 37 40 12 60 13 34 6 79 99 98 80 88 63 64 64 42 69 91 70 88 62 31 79 37 64 31 40 22 49 59 73 18 5 24 83 55 66 18 49 88 29 54 95 66 93 81 69 96 74 28 56 28 27 82 75 93 7 17 36 9 
47 29 83 36 46 18 51 84 73 53 44 70 25 85 9 26 87 47 89 57 90 48 82 46 72 94 91 68 85 2 30 23 14 91 52 44 77 47 50 76 84 82 1 61 99 44 84 8 60 69 27 27 57 3 27 87 16 4 56 99 91 59 20 97 93 31 15 0 79 63 33 20 18 59 69 60 35 53 28 58 20 13 99 99 90 3 12 93 93 8 15 48 10 34 13 39 24 63 53 71 
26 48 88 23 21 78 62 27 76 30 40 13 65 49 84 49 46 79 0 70 71 66 47 8 52 22 14 64 71 63 16 98 49 74 68 24 3 20 28 74 38 11 67 81 30 36 62 94 10 5 1 2 66 64 49 93 9 66 67 90 95 44 13 28 2 76 6 82 22 9 34 47 57 61 59 22 46 42 0 8 33 59 17 94 52 95 43 19 56 72 92 72 47 98 11 50 28 49 58 71 
40 99 26 14 53 22 76 21 72 77 45 32 26 39 93 25 97 75 25 7 5 94 42 3 26 93 32 43 17 49 30 26 21 57 48 24 53 19 68 89 18 23 59 20 20 99 15 16 86 4 97 65 31 6 93 11 27 86 39 99 23 53 91 54 66 57 28 62 98 39 44 70 55 63 95 69 5 18 64 57 16 92 31 98 30 8 18 46 19 97 16 79 10 13 75 27 45 47 51 28 
32 14 12 5 41 58 56 29 88 82 25 96 1 80 10 68 38 19 52 15 64 64 80 20 32 67 1 8 19 63 83 92 70 94 25 26 29 91 2 23 96 26 57 63 93 48 43 38 14 52 21 81 46 19 2 17 98 78 92 42 38 16 29 29 45 6 24 94 57 93 93 11 29 61 0 74 42 20 72 82 57 99 52 49 81 64 81 25 88 93 99 66 94 69 95 89 12 84 14 59 
91 6 98 32 47 26 35 14 55 56 13 8 39 58 25 98 59 46 66 62 92 36 22 59 37 76 37 63 67 71 73 57 54 67 11 12 21 25 67 63 47 61 26 15 30 35 31 98 72 61 96 76 81 59 58 10 41 4 64 43 33 59 30 31 22 3 39 27 62 5 11 48 29 67 49 27 59 75 14 38 60 90 86 54 9 47 13 88 52 13 2 94 38 13 8 55 65 99 85 43 
39 64 51 86 35 41 1 29 48 54 95 81 24 76 0 96 51 67 85 29 54 85 66 98 11 68 29 94 68 61 4 32 55 58 34 2 46 94 37 54 22 33 32 31 87 73 30 11 36 83 8 27 64 81 76 6 23 37 53 32 93 6 17 44 91 55 31 37 54 84 59 4 7 60 49 41 52 15 13 20 17 41 83 18 41 82 89 3 39 70 26 83 34 10 79 67 40 71 92 4 
19 67 38 71 3 13 40 67 20 45 57 50 34 82 47 61 17 67 98 6 8 12 30 49 55 64 98 83 61 17 43 89 16 65 12 56 66 73 93 25 4 76 80 16 28 80 30 31 25 80 25 7 84 82 59 1 32 20 59 41 24 20 48 9 19 32 99 87 30 48 89 20 70 35 92 6 73 39 0 89 59 84 42 81 46 70 48 13 78 40 67 63 36 91 79 83 93 49 55 14 
37 51 83 95 50 21 7 86 56 49 88 29 66 26 95 54 5 98 21 32 4 84 14 54 93 0 83 64 10 43 91 79 10 45 12 58 65 41 72 60 58 10 37 72 6 60 67 17 57 76 98 86 67 55 11 27 42 77 8 63 85 6 75 73 37 25 29 46 45 67 56 1 17 25 74 88 68 4 23 69 93 14 39 94 59 23 16 38 10 5 53 34 60 4 50 28 32 12 41 79 
14 18 81 84 91 43 10 19 62 87 54 24 10 37 35 9 57 89 75 94 96 91 61 39 27 37 46 57 25 34 48 67 3 73 63 74 86 89 81 44 79 70 85 15 22 59 81 10 48 22 92 54 95 75 58 28 81 4 37 37 64 39 42 55 74 22 64 53 68 57 60 33 97 39 32 62 85 1 6 71 13 8 40 94 82 52 67 51 31 41 6 92 83 17 90 83 5 62 98 11 
26 42 72 44 57 60 8 42 74 80 48 56 93 4 29 70 91 35 52 81 30 11 88 33 38 60 76 18 27 1 84 65 10 30 72 40 64 96 90 55 83 29 63 77 91 25 55 80 31 48 22 78 82 99 96 80 89 12 24 88 73 20 85 2 95 20 10 42 1 60 19 18 63 52 47 0 81 91 59 98 40 19 6 75 13 35 12 49 57 13 4 88 30 76 90 51 48 96 30 76 
73 96 31 98 22 60 65 18 37 70 12 22 50 0 77 83 14 79 43 89 5 45 17 40 73 42 67 45 32 61 50 5 13 62 66 49 96 95 17 46 28 9 99 87 97 8 82 4 73 0 94 14 74 34 39 12 89 86 38 63 51 85 42 61 39 98 52 65 19 33 57 69 32 45 12 52 91 16 27 89 15 97 80 39 20 19 71 17 17 54 31 43 27 36 51 71 67 10 52 12 
55 58 6 86 4 14 80 59 86 30 15 35 85 63 97 36 18 12 98 81 45 29 99 26 35 92 61 18 95 4 65 10 41 46 24 59 68 35 13 57 1 80 60 58 81 43 11 62 19 5 40 20 32 84 52 60 91 17 23 13 70 43 78 83 4 28 17 22 13 88 5 34 10 99 52 58 41 45 96 16 40 84 16 82 69 17 33 81 80 2 78 46 43 32 57 70 28 23 64 95 
39 43 33 69 3 77 5 14 71 96 28 66 35 65 30 55 75 32 80 22 73 29 89 74 16 61 26 98 92 40 21 6 47 24 2 75 74 68 75 7 66 17 34 54 62 18 98 67 84 87 49 48 60 65 88 74 98 84 12 98 24 74 65 9 67 12 76 61 12 56 39 80 23 50 99 26 87 31 58 67 9 43 57 32 1 20 78 59 6 47 35 91 83 57 27 7 1 70 72 39 
35 5 91 44 48 78 57 27 53 31 71 74 74 52 2 3 53 73 15 23 38 30 12 98 4 7 43 55 95 69 81 32 49 54 55 29 2 13 86 27 26 26 12 31 90 14 71 55 19 84 81 94 74 38 51 4 35 32 92 64 43 50 0 67 96 75 36 39 32 24 73 42 75 96 64 92 34 67 56 29 61 76 92 19 68 59 58 75 2 45 92 38 24 82 7 91 82 41 9 27 
58 49 64 22 78 71 83 23 76 32 25 87 74 46 3 35 24 38 91 14 62 22 5 72 58 14 59 57 68 12 48 31 93 74 42 66 52 32 5 41 30 59 73 2 3 85 23 38 74 9 13 24 63 14 39 51 83 29 57 33 68 44 87 9 18 9 71 91 8 87 98 88 62 71 26 51 73 11 79 21 2 4 87 90 46 74 85 66 79 28 40 44 0 82 11 68 72 22 97 22 
32 74 40 66 37 88 9 14 78 87 13 53 7 95 10 18 65 99 85 1 42 35 22 36 84 53 16 97 79 91 86 30 31 51 97 77 24 61 84 96 66 93 11 3 81 29 40 74 3 51 89 37 0 62 81 48 83 70 56 81 21 33 4 33 91 15 0 2 35 55 46 55 13 39 16 7 47 99 27 63 87 76 40 62 19 76 24 68 48 58 61 97 5 48 8 41 53 14 54 48 
31 3 13 86 78 81 24 31 92 49 82 68 93 43 57 14 97 79 77 9 96 7 47 73 7 68 77 50 4 77 74 42 57 73 19 78 15 52 97 3 74 85 23 69 8 60 30 12 64 12 48 92 57 6 68 66 24 7 93 43 86 39 11 39 46 43 42 88 63 70 55 72 17 96 62 61 79 28 52 79 46 26 89 19 83 5 60 91 45 78 32 24 71 2 8 56 93 0 80 62 
10 1 54 15 48 43 45 55 19 35 89 61 71 42 96 85 7 55 89 33 34 31 25 92 48 4 82 37 52 70 89 14 86 39 32 33 52 14 38 73 84 78 41 37 29 35 74 41 98 37 68 76 32 49 50 90 31 18 11 44 63 61 43 14 39 19 50 51 61 6 67 29 2 42 97 43 58 55 80 56 60 36 41 77 13 33 88 52 18 92 10 11 92 89 28 70 46 68 18 64 
59 94 94 42 16 10 71 18 13 43 69 91 37 62 52 15 75 91 24 92 49 89 58 82 97 27 16 39 71 14 28 58 60 32 92 40 19 36 26 42 36 88 9 45 27 79 49 97 54 2 75 68 56 71 98 10 82 43 59 1 55 67 57 18 36 10 49 41 16 48 40 63 97 59 32 60 67 34 21 71 82 79 33 51 86 35 22 95 6 42 85 48 69 96 69 60 62 84 55 45 
7 47 16 56 65 9 91 2 98 47 78 87 43 89 17 77 22 6 41 14 15 53 53 43 23 66 38 44 82 81 78 90 12 20 31 66 30 73 67 7 88 62 11 80 41 42 90 37 47 85 22 46 64 9 63 89 73 21 72 83 45 23 90 47 13 41 24 87 68 10 96 24 53 97 35 8 21 96 49 30 77 2 44 23 11 68 50 91 77 11 47 37 78 47 17 80 72 45 56 71 
13 48 3 49 49 93 56 5 14 2 80 11 70 53 31 96 79 67 16 22 46 94 91 79 22 50 73 40 80 36 14 50 37 39 80 93 55 59 37 11 77 28 89 3 75 34 66 79 68 15 46 96 94 74 85 44 47 98 15 56 25 83 13 97 79 80 98 66 4 16 61 16 36 2 33 15 52 46 50 19 80 64 79 78 82 67 11 90 11 58 12 15 56 59 85 11 92 2 93 21 
14 83 37 44 58 22 85 37 46 60 35 46 35 37 29 44 66 66 73 96 67 90 54 74 29 69 1 57 9 10 27 32 98 55 7 53 7 46 24 51 31 79 50 99 7 27 55 90 97 30 10 6 32 75 91 21 35 10 2 10 47 59 41 36 59 17 14 79 64 38 4 49 45 26 25 90 72 39 8 50 67 29 70 30 60 26 49 89 47 40 96 89 84 41 19 93 51 13 52 29 
21 84 96 36 85 60 36 52 8 14 55 34 85 96 87 82 90 15 4 1 62 43 41 41 38 44 87 63 2 12 21 80 33 48 31 91 76 14 77 78 77 69 0 48 37 30 41 75 3 97 34 30 86 79 27 39 36 32 51 71 58 19 35 79 0 93 47 0 58 80 39 21 34 13 16 27 15 38 54 21 35 85 39 53 60 80 8 92 25 15 61 76 38 73 86 22 89 33 19 21 
10 6 90 65 22 33 0 90 24 89 66 70 1 97 25 96 92 82 33 17 60 31 0 43 0 23 83 41 51 88 93 68 55 53 46 4 2 85 15 64 90 84 53 40 93 19 63 86 67 78 69 59 9 11 74 69 6 93 0 43 27 51 52 64 12 2 90 74 45 93 95 60 54 76 58 60 88 40 95 4 44 34 4 45 67 76 49 50 75 20 42 74 8 88 57 75 55 5 73 76 
66 17 19 10 15 64 79 30 33 29 18 44 54 6 25 33 16 37 29 51 13 82 64 60 71 6 78 39 40 7 98 90 19 18 84 24 2 87 1 53 68 52 72 25 38 25 55 30 57 77 40 55 79 80 31 68 10 71 63 77 55 97 89 1 74 30 41 85 77 67 41 72 23 25 99 37 95 56 4 60 1 74 80 21 96 77 25 42 50 3 6 99 42 93 32 38 75 5 91 59 
54 55 1 82 27 52 75 25 34 70 75 52 29 83 18 76 38 84 62 42 43 27 15 89 7 35 15 66 64 87 36 21 36 29 83 14 42 56 89 73 94 85 48 30 77 37 3 46 69 96 86 99 5 44 71 76 66 5 54 82 33 82 19 30 75 11 31 2 50 65 9 85 94 6 4 75 30 87 62 75 27 92 41 12 52 25 22 70 84 61 85 21 49 75 25 66 13 2 93 32 
80 99 27 86 7 98 36 29 52 4 25 1 42 35 13 58 44 12 36 25 19 96 40 14 55 71 13 61 21 14 45 6 50 38 33 17 23 91 50 33 0 2 45 19 82 96 57 66 27 62 32 31 0 94 36 25 91 41 60 44 73 74 19 12 2 12 29 23 68 11 76 17 58 95 21 79 0 18 11 38 6 91 83 10 32 4 73 30 73 98 52 98 14 15 64 97 17 28 36 12 
88 12 58 68 90 39 95 16 13 95 49 14 1 33 43 40 7 90 92 5 32 13 48 82 86 96 71 23 90 11 2 45 42 39 99 47 7 98 0 60 44 20 33 99 87 23 43 76 76 80 76 46 25 74 98 86 39 23 22 42 45 70 86 12 76 94 26 98 96 96 5 53 56 72 92 19 51 25 43 24 56 64 5 72 12 44 48 96 47 12 13 22 55 66 55 82 44 34 38 5 
80 68 96 92 42 66 91 56 55 54 14 82 3 84 66 36 29 65 82 10 38 19 55 20 74 58 95 48 65 73 52 22 88 19 83 28 69 36 11 54 23 39 32 43 28 95 76 34 24 19 72 23 5 76 21 61 51 0 64 4 83 73 66 51 0 98 76 88 56 58 24 31 84 61 56 31 87 79 75 56 1 33 26 42 42 57 27 33 38 8 25 56 45 82 17 73 96 29 77 91 
17 6 67 3 20 76 49 39 23 0 34 29 54 5 59 33 37 60 8 94 18 50 52 8 65 60 58 82 56 57 43 49 31 73 6 87 88 21 83 8 6 61 89 89 29 75 32 25 4 90 46 73 34 31 79 38 33 16 55 12 34 37 33 56 22 43 13 96 18 7 59 65 53 22 3 44 68 96 57 78 7 74 95 57 59 36 99 91 99 84 42 34 42 34 9 79 39 2 28 38 
45 47 71 29 54 42 32 54 82 2 43 84 43 36 2 73 37 44 89 33 91 88 28 77 54 45 59 63 28 98 66 39 73 87 29 35 63 41 21 36 90 78 14 17 55 54 13 10 64 47 6 50 15 5 51 30 44 42 49 18 54 22 1 89 60 66 62 16 54 30 75 36 11 30 92 30 25 17 41 31 87 17 53 31 41 31 32 64 52 11 14 13 59 72 3 32 17 17 9 79 
67 35 76 30 92 82 44 66 3 55 16 72 24 55 18 44 49 12 39 32 46 19 40 97 42 5 92 19 53 71 96 15 0 79 29 29 66 89 2 40 85 34 68 61 23 63 16 12 49 72 38 58 84 19 51 4 0 10 78 35 32 15 0 2 4 38 45 4 30 13 63 45 79 38 64 88 19 67 90 62 80 97 7 15 39 43 4 42 64 3 7 5 96 21 44 22 35 88 28 23 
81 62 42 6 56 71 95 81 68 71 23 8 89 87 70 3 90 66 37 7 26 57 85 84 8 90 31 99 98 51 8 84 56 26 42 44 28 90 57 93 37 21 76 98 14 26 75 35 19 92 89 40 44 81 62 84 94 62 13 17 32 38 99 54 31 79 47 43 28 86 85 39 47 40 8 16 80 81 5 3 91 17 8 15 89 50 23 32 53 80 20 25 3 59 37 72 34 82 21 63 
77 18 81 39 57 83 27 20 41 14 28 14 35 96 48 85 97 21 69 67 86 95 45 20 23 15 31 61 14 99 84 52 52 26 57 60 76 85 71 22 75 49 43 86 73 13 69 71 5 36 15 91 10 77 56 0 55 90 45 68 36 58 11 16 93 45 88 93 61 20 1 11 59 88 27 62 96 27 38 40 34 53 90 45 42 4 80 34 76 95 45 5 2 82 29 75 68 63 70 3 
24 65 73 85 77 59 19 79 66 30 81 71 23 13 77 96 32 35 38 42 41 42 98 31 0 33 96 37 84 10 37 44 37 20 11 61 59 73 56 10 27 69 56 91 72 42 10 54 78 41 12 25 35 47 65 91 38 65 40 33 66 58 55 1 12 26 98 71 31 33 8 55 89 38 41 13 28 0 74 59 85 16 58 14 40 6 8 20 38 85 51 53 94 84 2 55 63 2 47 65 
11 52 43 78 15 63 82 89 70 59 73 46 44 31 37 57 1 17 2 73 32 43 29 52 25 75 60 65 60 99 79 16 12 45 67 26 73 7 11 52 64 23 42 70 51 50 90 84 38 95 41 94 81 97 31 93 53 73 4 39 55 83 5 39 31 40 77 7 21 78 37 87 97 52 30 65 96 67 44 85 9 52 69 63 59 96 41 75 58 67 7 58 6 46 52 47 12 90 25 45 
92 54 64 19 83 15 61 22 43 19 11 23 40 61 88 57 68 34 48 47 85 42 27 41 64 19 24 62 52 97 53 70 27 1 95 89 86 23 4 82 73 26 32 76 55 17 64 50 39 79 7 21 72 88 90 52 35 17 47 54 71 71 98 87 0 9 21 16 92 87 82 20 3 97 69 83 24 68 71 94 55 91 49 36 63 2 66 8 14 55 66 16 36 28 69 63 4 73 33 14 
57 27 25 39 21 95 81 69 72 66 20 63 73 96 98 10 81 39 82 51 89 67 78 97 83 60 52 99 49 12 85 93 25 32 28 0 32 2 72 92 30 42 38 13 22 94 72 22 34 83 59 74 25 30 44 13 0 87 47 15 80 66 52 73 61 54 85 63 10 77 79 4 89 56 44 86 62 0 69 68 19 49 33 60 76 46 6 39 25 22 55 48 56 82 21 57 48 60 0 80 
76 30 69 52 32 20 77 11 69 64 21 64 27 87 33 67 89 76 43 36 85 50 22 20 73 55 32 4 50 31 66 64 39 15 85 8 13 40 78 19 6 32 97 71 36 36 79 51 3 45 28 55 85 61 35 24 1 99 7 98 48 50 43 68 68 12 29 36 68 97 98 10 84 72 63 84 56 50 93 48 14 23 61 39 12 5 31 18 97 47 12 1 55 39 37 88 38 6 71 48 
67 35 97 86 81 96 16 17 72 46 18 53 78 1 6 6 62 41 19 14 56 42 61 78 71 18 46 95 63 21 34 50 50 22 76 56 71 31 57 78 21 78 8 67 98 15 9 30 70 64 61 96 72 33 60 98 69 42 16 63 14 59 5 21 53 62 21 31 50 68 77 11 16 21 15 5 14 1 67 86 50 19 47 21 48 35 9 50 70 19 74 86 64 7 71 0 41 98 75 34 
24 65 45 23 72 23 37 42 45 42 85 19 22 6 38 62 79 59 22 60 45 88 77 11 87 52 10 30 68 27 16 45 30 22 10 0 84 58 76 53 63 90 68 37 15 38 2 49 34 71 30 38 1 4 90 51 48 5 38 19 13 60 77 62 6 97 76 54 75 46 49 64 49 86 29 10 35 68 85 48 32 77 54 95 54 48 4 50 57 98 29 61 7 72 13 29 23 17 44 36 
82 4 4 87 6 44 72 65 32 17 66 91 59 83 18 97 37 4 10 58 82 20 83 56 23 76 26 23 1 29 78 68 77 62 43 88 73 77 14 13 82 9 74 92 37 62 11 96 46 46 28 57 46 68 13 90 43 22 60 30 90 32 14 84 92 41 80 61 46 66 49 26 60 42 7 61 82 37 7 71 10 46 82 23 99 37 11 41 86 91 44 77 59 14 72 16 19 77 70 97 
59 46 32 81 88 93 82 83 31 91 4 5 75 9 65 74 54 97 15 36 8 30 28 90 77 31 88 75 5 68 29 77 8 23 74 90 90 50 93 24 39 93 91 97 67 18 98 2 98 33 67 35 25 79 27 74 81 28 80 5 76 42 19 43 43 34 7 58 63 9 22 56 84 86 83 60 6 77 96 34 26 20 95 48 0 99 45 46 63 6 86 4 90 41 98 34 68 7 21 91 
53 85 44 11 80 21 2 94 50 11 47 55 46 47 11 1 12 52 10 84 32 63 95 28 54 6 6 54 60 1 11 68 42 40 98 49 38 95 41 10 74 72 28 23 42 93 12 20 17 49 57 29 31 91 85 7 95 10 86 9 36 73 95 27 2 93 1 61 60 53 60 62 3 32 40 17 29 15 10 50 69 79 40 34 37 94 14 2 51 77 53 34 52 96 20 73 62 6 33 35 
25 88 60 13 56 81 32 94 21 20 42 94 29 57 78 15 97 80 83 35 52 67 42 31 17 58 51 44 54 48 1 16 67 16 80 24 25 87 18 32 77 27 51 50 46 56 10 76 70 15 78 76 33 51 76 91 39 52 55 89 72 5 86 62 23 38 90 83 44 58 57 62 66 69 50 1 66 9 63 92 11 90 43 75 42 69 19 7 2 10 50 19 28 21 56 94 20 44 63 31 
90 80 74 99 16 3 12 57 92 56 49 74 86 85 86 90 7 74 54 97 76 43 20 11 90 21 77 74 74 16 93 65 43 41 87 80 71 76 31 94 96 59 1 27 83 48 35 98 63 34 11 48 22 35 75 48 69 51 93 85 33 86 43 34 8 33 62 64 68 69 12 28 51 83 42 93 10 54 58 24 55 26 28 24 95 18 88 48 51 61 74 43 93 99 59 21 22 72 68 70 
39 9 32 56 99 76 30 16 35 72 46 35 31 31 95 32 11 26 90 51 31 32 36 25 26 11 36 32 42 70 29 7 35 97 57 56 61 98 75 49 95 70 5 37 4 68 56 51 22 57 14 33 33 80 80 99 54 7 44 26 63 24 10 98 89 27 37 74 47 90 92 72 91 53 16 53 9 97 16 51 26 7 28 18 53 79 12 2 86 69 40 61 11 0 39 35 59 94 3 53 
60 2 84 82 89 20 97 22 49 88 40 58 82 41 47 11 97 71 90 71 57 28 77 83 66 87 12 67 89 38 6 30 34 29 67 4 90 25 31 82 55 67 80 93 71 97 21 24 30 40 95 67 15 10 15 16 87 34 57 84 64 20 37 86 34 91 74 55 90 75 16 5 95 56 18 96 28 9 37 44 21 35 46 59 74 82 89 71 33 38 33 13 50 0 20 50 67 67 8 54 
88 85 45 74 78 49 33 27 77 19 84 75 87 3 43 79 56 4 60 83 26 31 18 74 42 13 12 44 28 56 40 56 75 51 37 57 85 51 38 57 16 71 92 46 59 6 80 61 76 96 17 86 21 44 72 33 65 87 99 28 5 91 82 80 51 26 61 21 51 73 72 21 33 59 50 51 28 47 97 25 58 75 40 26 84 84 30 98 21 97 11 53 26 33 65 97 90 0 34 15 
27 5 82 40 30 91 33 10 17 82 40 24 14 81 67 45 76 41 61 96 78 87 73 45 79 34 39 94 94 71 40 80 47 98 26 8 73 57 46 92 97 71 73 92 3 74 94 23 33 58 17 19 46 72 2 90 9 25 35 64 4 95 21 10 8 64 53 14 13 68 72 77 96 74 37 84 40 48 99 6 61 87 48 86 95 27 32 10 5 22 87 70 74 24 81 54 72 76 77 22 
14 8 74 28 51 85 22 19 85 13 9 14 2 80 91 87 27 85 37 6 95 65 77 0 11 98 78 31 76 91 79 41 97 76 10 26 24 19 85 12 72 99 79 9 76 88 88 93 69 4 9 63 27 54 87 37 12 40 29 26 19 76 89 8 1 31 98 92 30 59 23 41 20 74 34 26 92 17 53 27 2 30 57 3 65 5 2 19 59 67 68 48 59 33 67 18 95 53 13 77 
22 6 60 23 51 89 70 97 61 96 62 65 68 81 5 30 34 69 3 14 26 7 59 59 67 54 25 84 31 41 41 97 22 61 9 19 24 45 77 74 89 97 83 66 24 48 11 36 9 52 62 49 23 14 95 42 67 65 19 15 37 32 85 17 88 53 23 67 92 8 17 55 21 78 37 90 55 43 26 99 62 64 46 73 42 16 28 35 60 97 12 12 68 12 52 31 32 95 50 0 
45 73 32 38 93 94 47 18 44 9 79 64 83 2 90 70 80 95 40 46 12 52 96 49 7 42 92 48 2 0 36 73 28 51 30 42 57 67 1 1 43 36 50 79 6 92 91 86 34 62 72 61 16 33 45 9 7 72 17 20 59 89 97 43 35 62 16 41 13 43 42 94 15 91 48 28 52 49 59 73 93 44 86 25 37 21 90 67 94 91 42 6 32 18 60 50 48 2 39 42 
66 39 13 32 66 64 33 99 24 60 17 14 7 51 2 25 50 87 50 41 10 95 67 11 13 28 13 95 31 66 80 92 42 93 52 37 1 43 52 52 87 76 91 29 16 34 68 64 23 4 10 5 3 10 37 6 67 72 34 83 32 27 8 92 71 1 13 75 1 24 74 94 48 32 17 62 77 30 46 52 41 87 15 21 91 31 39 33 58 19 52 23 76 46 89 59 48 57 75 76 
27 30 69 9 93 33 76 59 67 86 58 22 81 89 4 21 26 95 59 78 64 89 27 56 35 64 65 59 56 13 23 70 13 13 57 76 65 17 38 5 68 7 60 14 86 99 91 74 6 84 84 20 88 22 24 72 42 18 53 19 93 53 92 91 80 61 42 82 64 73 20 16 88 75 55 68 37 1 0 20 10 29 88 42 67 91 68 66 90 45 99 91 18 3 90 78 4 98 42 1 
74 1 69 89 57 71 38 96 80 54 6 84 56 38 8 14 44 25 97 51 33 92 32 90 60 68 72 7 47 68 61 98 81 77 39 68 35 97 86 9 94 53 62 90 20 91 91 60 73 43 91 19 97 63 3 51 85 71 52 69 41 51 74 28 48 28 61 3 83 71 7 13 77 79 13 63 68 3 79 65 33 34 67 7 96 23 33 72 35 40 16 6 2 47 30 42 48 75 77 18 
47 98 28 91 95 2 56 31 30 55 46 78 80 57 66 45 83 37 11 94 62 27 89 95 77 74 81 98 43 78 29 46 97 51 70 22 25 61 2 19 69 53 82 91 86 24 4 48 53 52 99 11 74 32 50 13 29 69 36 98 6 63 34 86 26 81 83 41 93 51 97 37 97 26 85 58 57 3 25 16 27 86 38 97 3 32 11 51 77 95 62 46 40 84 18 28 7 78 0 6 
71 87 13 91 28 80 18 28 44 28 84 58 87 19 59 71 73 94 65 22 80 66 85 70 75 4 36 59 5 24 73 47 77 12 56 32 39 40 15 52 91 95 41 38 57 83 4 56 33 48 71 72 93 21 66 59 35 30 39 14 97 62 83 87 21 92 45 94 89 10 54 57 1 5 0 70 43 36 68 77 72 61 90 21 62 31 67 91 2 44 24 27 97 83 0 72 52 60 70 89 
74 86 23 9 96 1 94 53 1 73 71 13 82 52 24 4 1 17 32 26 11 38 44 97 35 73 57 24 1 54 7 10 92 96 71 74 69 72 56 20 41 38 11 92 91 77 95 65 95 40 42 58 7 11 16 46 19 22 26 69 85 27 30 55 46 29 92 24 11 63 67 87 93 12 72 32 15 83 4 62 90 39 71 45 40 64 83 9 16 92 19 48 50 57 59 73 88 70 1 1 
17 98 38 99 12 47 66 94 6 31 55 51 1 14 36 69 84 92 44 15 6 44 79 38 49 24 36 22 26 63 29 94 84 27 48 3 65 88 63 7 86 28 78 98 80 54 30 27 77 35 32 20 55 77 96 37 9 2 4 79 75 70 75 66 37 86 52 91 31 8 71 49 12 15 25 89 23 31 37 66 54 81 95 5 57 7 15 5 35 16 70 87 9 95 19 38 48 52 99 18 
35 96 6 25 43 14 34 72 18 3 67 26 20 90 84 27 47 84 66 81 92 71 92 46 97 49 32 25 87 47 44 43 71 6 90 77 66 91 61 17 93 66 33 35 73 88 98 52 71 11 37 81 61 22 89 9 98 72 89 43 12 45 88 64 75 18 4 95 29 98 81 91 42 3 82 54 67 12 76 91 17 99 49 51 64 71 1 71 32 8 62 52 36 26 7 14 48 92 2 69 
48 28 52 9 22 26 42 88 60 19 98 56 72 91 16 27 9 90 80 9 2 43 52 83 98 78 93 49 54 27 54 33 69 23 14 72 10 94 61 96 16 54 81 70 98 79 51 80 56 54 42 56 22 29 38 13 41 1 25 87 9 16 10 5 97 78 80 75 85 10 54 25 4 13 76 48 66 58 24 33 38 35 77 47 83 25 25 32 82 96 51 82 76 34 10 30 25 91 10 10 
53 66 33 51 67 93 53 12 59 52 65 19 49 54 90 18 48 68 56 97 32 94 93 12 31 9 87 56 2 24 16 65 93 5 44 16 83 91 87 33 1 17 87 94 96 89 46 99 59 72 89 14 11 26 75 43 52 17 59 34 54 69 39 27 45 51 36 18 61 37 70 93 81 6 68 53 87 34 33 40 30 91 66 65 4 78 45 26 10 15 16 59 86 3 53 45 93 60 4 61 
66 20 2 75 66 27 47 60 58 75 81 18 86 81 63 1 39 17 56 86 43 33 20 25 94 76 2 77 87 20 82 87 79 32 6 1 66 32 46 21 58 70 2 13 30 3 38 19 72 13 68 24 75 72 57 60 95 3 25 50 15 74 47 72 79 75 50 24 47 32 9 1 47 82 25 72 32 67 74 90 81 71 22 49 36 99 12 71 24 69 54 14 25 67 34 69 25 18 10 62 
15 12 11 74 3 39 47 33 7 81 23 24 0 85 6 64 64 40 4 95 21 19 97 86 92 24 52 94 93 21 95 13 42 84 42 45 17 19 81 57 56 20 25 60 36 93 89 19 9 29 48 39 49 2 55 99 47 75 38 54 44 57 11 44 99 76 27 10 30 51 37 87 61 68 53 75 67 43 84 2 52 1 46 3 64 49 9 73 10 0 33 76 27 63 8 72 77 94 48 92 
83 27 35 53 94 75 66 50 24 39 96 56 83 80 44 62 3 28 97 2 86 96 88 46 21 24 2 21 8 84 56 92 56 5 9 32 11 86 27 80 67 63 90 94 54 93 27 3 25 88 13 27 20 5 75 47 22 70 31 63 30 91 18 2 50 46 74 12 77 66 51 67 10 7 49 38 55 64 40 56 43 64 70 54 94 59 30 5 31 59 68 27 66 45 74 12 6 30 15 70 
97 63 5 43 55 76 34 70 41 91 71 31 69 60 24 53 5 33 98 24 8 97 78 28 49 41 8 23 16 45 63 99 39 97 70 69 35 34 5 62 32 4 40 17 32 26 60 1 55 28 32 18 19 18 81 49 96 88 55 57 19 22 1 21 32 51 82 46 89 7 44 93 7 40 27 94 94 54 70 3 41 20 92 77 9 70 19 34 75 0 37 84 20 73 86 77 20 43 88 86 
37 24 34 19 99 19 49 38 30 38 48 45 83 22 29 41 85 39 17 68 28 97 65 66 14 71 94 29 34 56 86 57 1 81 81 47 17 64 91 17 82 23 21 99 38 55 50 57 27 95 9 39 44 32 63 83 59 88 82 14 85 57 31 14 36 73 63 83 39 52 87 32 77 89 21 52 47 75 91 40 8 53 2 86 19 63 50 7 63 14 18 85 10 73 40 5 10 25 94 88 
50 96 94 92 0 97 71 77 9 99 27 30 28 78 47 99 57 94 92 29 54 42 49 55 69 30 31 17 16 94 20 3 51 44 92 67 12 8 95 2 97 84 26 48 45 41 45 16 29 42 66 97 77 13 55 56 61 69 80 3 96 49 26 63 4 1 26 34 87 21 93 98 88 57 80 23 11 19 99 99 87 87 11 82 59 22 39 44 31 73 72 84 88 28 2 79 83 59 58 32 
14 1 0 49 72 46 74 54 57 78 26 0 8 64 95 31 67 83 15 21 45 31 47 70 49 53 4 65 82 44 40 63 28 9 78 4 90 55 8 97 51 0 41 83 54 65 31 50 6 70 82 22 90 83 23 56 71 16 81 6 65 35 11 91 15 56 29 87 82 80 71 78 13 37 41 36 68 55 52 57 84 77 65 3 0 18 59 33 23 54 26 90 95 46 18 5 14 27 98 26 
7 87 47 73 14 55 39 36 97 69 54 48 12 83 5 41 71 10 12 87 90 1 74 95 17 36 87 48 29 81 46 71 59 65 23 46 32 4 42 69 91 47 23 61 39 44 0 0 23 73 84 89 50 15 20 23 87 41 19 61 83 14 36 45 62 0 20 2 31 73 86 15 25 77 2 38 31 36 4 42 94 3 23 85 84 35 32 42 30 40 94 40 36 8 86 43 9 76 21 31 
64 84 80 69 27 81 22 45 54 17 55 53 51 58 42 12 65 79 84 79 60 57 46 27 17 54 44 40 75 63 5 44 27 12 2 93 58 82 37 82 97 66 6 55 0 0 53 20 14 5 81 78 58 73 69 40 45 41 57 22 53 63 35 85 81 62 78 23 48 95 41 51 71 76 60 34 53 46 81 13 84 64 9 92 79 41 58 55 6 7 66 26 27 33 5 9 46 65 42 72 
55 25 63 92 95 16 70 85 79 72 3 56 66 64 36 79 97 72 70 99 97 91 27 66 90 54 48 10 38 18 52 87 76 97 18 45 70 16 57 13 98 56 89 82 36 33 21 51 88 51 35 24 56 24 22 19 73 26 1 18 20 41 73 10 76 97 62 4 72 32 31 55 81 23 36 1 93 79 35 81 15 25 60 63 41 73 68 9 10 77 59 1 75 7 12 63 61 60 8 39 
99 9 26 61 17 99 67 6 54 11 46 67 79 31 21 15 41 20 69 94 41 53 22 34 17 39 91 57 26 41 40 28 68 37 33 96 26 6 30 40 50 57 73 32 76 7 60 69 20 82 10 6 49 97 98 56 95 58 97 59 89 59 49 89 24 61 2 95 52 86 15 12 45 49 77 77 21 57 38 50 45 15 47 79 19 23 15 41 88 44 40 57 76 76 40 89 44 73 92 64 
88 58 2 13 43 38 44 86 44 14 63 1 62 52 82 1 6 77 79 83 42 18 8 72 16 60 71 12 84 77 6 95 46 15 96 65 33 74 95 5 45 99 90 78 16 0 31 93 58 4 96 72 74 78 57 42 47 55 67 2 97 52 52 37 46 90 40 13 79 69 20 88 68 69 28 64 70 10 3 53 48 12 23 64 80 87 54 99 89 39 1 14 12 84 72 14 36 77 59 40 
27 6 3 0 17 83 19 68 45 26 87 12 79 91 52 55 99 57 51 10 5 22 93 39 77 1 96 87 46 62 87 85 62 40 58 2 71 95 47 85 22 61 47 7 27 63 15 25 81 14 25 78 3 16 11 45 49 69 73 49 46 16 8 14 51 84 90 76 9 68 28 74 16 87 52 17 31 37 82 90 62 81 83 26 15 35 12 22 73 4 30 13 47 37 96 5 69 96 7 89 
36 28 62 39 90 12 32 9 39 94 6 85 51 65 3 51 77 98 74 58 26 21 66 78 5 69 95 97 49 0 94 29 98 62 84 54 88 23 59 92 21 18 88 99 58 64 58 56 90 23 76 28 53 51 25 71 82 91 57 38 78 18 13 32 65 7 3 50 39 64 46 50 67 41 66 4 11 48 31 85 46 31 1 47 15 67 17 2 89 51 13 1 51 6 61 10 13 54 24 85 
44 86 51 46 12 92 50 54 55 31 36 36 24 25 91 94 77 3 15 81 31 72 90 12 71 67 20 68 27 81 60 42 44 69 88 28 81 15 53 32 30 78 40 94 78 59 40 33 4 68 57 58 74 82 72 1 11 34 82 77 73 6 40 44 0 36 49 41 17 68 38 45 85 24 59 51 5 50 55 6 47 9 52 92 46 64 66 30 76 39 82 81 34 90 29 0 3 12 51 10 
73 12 57 3 10 31 50 36 45 46 68 82 52 95 50 30 77 93 11 4 49 33 26 41 39 76 84 20 44 50 9 66 37 60 65 64 34 95 87 53 53 15 35 90 8 28 87 20 62 58 50 86 94 13 22 1 81 69 21 27 77 96 6 67 91 57 93 56 57 94 92 56 27 37 83 54 82 68 2 75 16 19 49 57 52 52 39 95 98 52 98 5 10 65 28 90 7 15 30 56 
78 26 51 40 32 23 97 30 91 0 69 32 56 67 73 61 68 54 58 52 0 22 15 0 82 70 33 60 97 33 96 67 69 65 57 12 1 28 56 1 90 67 70 78 48 64 23 11 3 34 74 62 24 66 89 25 58 82 22 32 64 77 87 11 27 33 4 83 77 64 55 96 37 77 52 11 94 56 37 43 3 94 21 59 62 81 69 52 45 78 44 8 6 24 25 27 61 34 9 16 
2 81 24 81 16 58 90 48 42 67 71 49 58 44 90 11 11 66 49 19 47 52 93 22 9 80 90 22 56 24 89 76 53 45 1 93 96 39 93 1 81 88 24 71 98 36 3 96 55 22 16 37 4 50 20 44 67 96 25 71 17 62 13 44 61 10 75 79 12 67 85 22 92 23 72 57 58 82 60 12 45 38 0 81 61 72 90 43 19 17 34 97 86 70 63 20 38 66 39 21 
7 40 65 75 26 8 93 70 48 12 28 31 50 2 21 89 99 17 48 53 40 97 45 42 98 7 86 37 68 9 77 10 40 83 56 96 36 5 18 24 68 50 58 44 79 16 23 1 98 97 71 45 66 16 81 82 12 5 47 85 20 16 42 92 21 86 38 56 17 74 75 51 32 66 74 77 66 65 53 31 13 51 75 78 93 5 76 53 1 21 21 37 41 91 10 14 12 7 62 63 
33 41 45 41 31 20 32 69 52 88 70 35 37 85 85 12 91 35 72 14 47 43 61 78 20 36 12 2 92 83 17 84 74 53 5 37 43 98 83 2 65 35 40 33 61 20 83 67 4 11 32 58 99 47 38 73 28 9 13 34 25 53 43 42 25 11 11 49 94 19 66 73 69 84 41 59 84 72 47 33 39 26 15 21 61 78 56 61 90 50 10 64 54 69 92 8 52 51 55 73 
12 4 12 54 6 54 25 15 70 47 54 39 73 59 35 0 43 17 33 53 20 44 25 99 27 76 82 7 5 38 34 53 98 83 74 73 49 14 85 18 40 63 9 22 37 39 23 66 87 55 45 1 66 99 11 24 64 71 83 81 51 98 3 81 30 18 52 21 59 52 82 39 45 5 37 25 61 15 32 83 16 66 36 16 35 52 85 81 80 70 22 81 88 6 75 3 93 43 8 33 
85 95 80 67 44 78 15 86 57 63 80 63 54 18 14 57 72 7 76 68 24 77 46 10 41 26 60 49 21 60 60 24 97 82 35 93 75 68 51 6 14 32 90 73 33 64 57 14 41 89 37 93 28 73 76 52 21 50 30 45 92 48 81 11 14 83 54 19 8 71 14 78 52 41 30 13 61 1 98 57 69 32 56 38 58 9 93 66 61 71 74 17 63 44 95 60 75 62 63 85 
10 8 91 89 73 60 51 99 20 34 71 71 76 19 46 87 92 8 17 92 45 9 52 39 21 33 44 98 49 40 5 87 31 63 42 79 66 76 52 77 73 39 40 4 58 69 18 7 50 35 71 17 46 46 7 60 1 70 53 99 88 60 63 2 68 25 80 23 64 38 93 62 59 3 34 76 33 12 58 97 63 39 28 90 10 32 74 78 62 32 33 96 5 44 71 51 10 9 78 84 
86 73 89 37 6 77 45 93 80 87 57 17 47 51 77 51 7 17 15 90 78 81 54 25 57 33 64 32 26 5 70 84 91 54 99 78 71 2 58 8 13 12 13 94 9 53 4 33 15 36 92 23 20 36 43 40 28 93 82 24 55 82 88 6 54 44 49 55 40 98 90 56 63 0 1 39 24 11 29 29 55 2 69 62 58 81 75 10 37 95 74 46 35 6 87 72 31 6 98 90 
59 70 74 57 25 4 96 98 58 61 11 39 52 43 14 59 54 87 4 94 40 70 47 64 64 29 86 98 31 66 97 89 92 60 86 65 81 8 42 36 96 38 86 38 35 87 88 72 65 89 75 35 11 0 65 93 35 54 68 74 58 13 55 48 85 95 91 31 50 79 34 98 69 44 24 98 6 56 59 78 68 68 48 43 7 55 1 58 12 57 60 22 80 90 73 13 27 44 7 73 
31 60 37 15 14 67 75 12 84 52 78 46 97 67 73 48 0 32 28 8 47 11 0 74 62 98 35 62 56 60 10 71 10 98 89 49 94 83 16 61 2 14 98 74 82 64 72 88 70 50 38 80 5 19 56 19 44 32 41 14 20 89 18 64 82 12 54 41 49 23 67 77 88 24 67 47 83 88 7 56 14 80 35 59 71 18 78 10 74 15 84 12 83 84 96 11 67 87 29 28 
62 25 62 25 42 31 41 30 47 33 75 79 35 34 44 24 93 58 54 83 52 27 82 83 73 78 83 1 67 28 85 79 87 64 44 12 83 3 88 95 94 24 0 27 49 68 24 81 32 17 52 88 46 71 3 54 70 36 69 36 41 42 85 12 37 1 74 21 27 26 93 75 24 7 82 27 17 7 84 45 21 77 94 10 40 11 71 22 7 26 36 94 31 59 75 59 20 68 13 73 
37 34 68 40 24 23 3 3 46 18 23 32 32 79 34 57 97 55 93 67 30 9 4 19 43 20 93 37 91 73 56 97 51 27 78 74 3 97 53 81 1 33 75 33 76 8 61 61 83 14 87 82 43 39 50 86 53 53 60 88 91 24 9 28 37 37 56 56 99 27 67 3 14 62 99 91 88 72 38 82 41 12 33 79 39 90 36 60 70 73 24 52 31 53 89 92 89 77 19 91 
61 57 43 77 16 85 40 11 98 32 96 54 93 65 56 66 16 92 93 54 5 5 75 7 66 21 85 32 69 26 29 33 51 9 47 99 3 75 93 92 37 25 82 23 75 67 47 72 46 26 61 79 91 19 80 14 99 54 22 26 17 46 78 47 76 87 10 3 11 80 90 31 20 22 77 69 57 65 37 31 36 97 9 65 59 70 49 96 8 96 9 77 61 7 50 93 27 83 96 44 
22 10 92 31 62 52 75 30 23 57 97 92 42 36 23 89 65 1 88 64 55 25 15 61 12 9 79 19 34 37 93 91 22 22 21 64 72 6 14 73 38 61 34 42 64 53 76 54 66 41 32 19 58 94 88 78 12 52 65 24 44 54 43 77 94 64 51 39 54 4 28 91 11 25 29 47 87 21 62 77 48 34 96 65 69 50 32 21 16 69 66 18 29 39 46 55 55 27 3 27 
24 64 89 93 91 19 99 27 86 5 45 0 22 6 65 90 3 3 97 55 48 15 42 53 21 53 66 6 47 29 8 62 30 58 14 92 77 78 31 85 65 82 19 62 49 26 15 59 65 20 78 40 10 4 19 54 46 64 76 43 90 21 11 72 5 79 21 97 85 55 28 22 43 59 22 63 7 80 52 38 68 60 87 47 10 90 88 32 98 46 12 47 24 98 31 41 42 66 20 27 
82 47 84 9 0 10 43 41 53 69 87 73 49 85 31 68 99 76 34 13 84 39 27 93 11 38 14 35 24 10 57 70 43 6 35 57 81 63 10 95 63 2 42 42 76 72 28 59 58 29 4 91 47 58 59 36 51 11 3 89 10 29 42 5 29 44 53 27 42 93 10 53 62 11 67 64 69 56 70 56 3 59 39 98 48 91 19 7 56 2 74 76 35 8 23 62 52 56 43 39 
38 76 97 91 35 99 38 15 74 39 1 57 79 12 9 98 60 92 77 79 83 21 36 83 33 30 44 76 23 78 53 39 32 69 78 3 12 1 48 12 42 26 15 11 13 32 30 4 35 6 55 66 20 39 47 1 89 7 87 15 57 38 52 44 40 28 0 97 38 61 75 29 80 6 37 83 20 82 58 82 78 55 23 20 30 31 2 84 31 91 29 86 85 9 79 23 45 91 60 79 
48 15 84 75 6 95 0 39 61 8 80 38 38 64 64 32 37 28 41 11 15 83 56 42 93 53 93 43 22 40 52 81 0 79 17 93 7 51 3 51 5 0 66 2 16 14 45 47 70 2 74 53 90 64 95 18 82 53 26 19 59 45 17 4 48 41 40 98 59 84 49 24 98 9 26 47 97 68 88 56 67 90 76 31 62 36 8 75 87 91 48 74 55 37 55 18 50 28 5 79 
63 28 25 42 68 3 11 47 81 92 44 27 78 78 2 92 49 44 86 19 35 91 25 46 10 55 1 87 50 93 93 89 51 6 12 75 25 4 53 67 17 44 94 27 56 76 17 17 80 32 60 87 48 41 41 76 97 88 86 77 61 98 28 29 53 88 40 63 91 20 55 11 84 99 69 24 2 25 18 46 85 34 90 50 95 38 37 2 96 17 81 29 38 96 33 56 40 67 26 98 
72 18 43 5 95 47 68 14 91 35 76 73 23 24 24 30 52 29 59 62 11 99 37 59 2 20 31 30 81 48 47 77 38 3 92 93 9 87 42 76 93 25 59 52 36 43 78 55 62 18 62 39 25 79 92 28 65 62 1 33 27 5 68 58 99 73 70 1 49 0 3 38 63 47 89 91 0 76 4 39 25 86 22 86 95 43 11 89 18 85 42 17 88 52 5 9 43 85 35 28 
