100 100
48 3 6 4 60 43 84 21 2 1 95 73 23 57 69 75 7 94 47 52 61 32 11 92 42 88 89 61 92 78 78 69 19 78 18 50 81 44 90 59 4 51 5 75 11 62 31 45 88 90 82 70 11 11 72 76 93 5 33 82 44 53 42 58 11 66 8 36 60 91 56 39 92 36 78 30 44 15 17 92 34 41 95 50 5 40 76 47 81 59 72 14 69 68 88 60 80 24 11 42 
9 69 46 11 65 37 25 85 8 77 8 35 4 64 17 0 25 67 2 53 22 91 94 36 31 84 65 97 60 41 2 24 89 4 64 45 11 19 71 75 0 92 98 31 49 25 11 58 68 56 77 81 16 68 0 57 80 67 47 54 70 73 41 10 89 47 24 71 39 28 6 23 77 18 49 54 69 51 65 2 60 26 34 22 46 27 66 16 88 28 52 84 9 52 64 74 71 12 46 84 
18 25 78 85 11 97 0 9 23 55 72 59 88 20 23 33 7 9 65 19 32 16 82 50 44 14 34 69 41 5 13 0 90 63 85 66 26 60 55 50 10 15 57 57 9 21 51 61 32 50 40 52 4 49 74 69 89 37 41 27 85 19 77 52 4 90 88 60 91 24 86 39 77 2 1 94 4 70 89 30 13 48 56 57 22 41 98 12 77 95 60 52 92 21 85 93 66 52 66 57 
70 40 92 77 60 82 57 11 90 29 57 14 53 0 56 64 11 90 74 74 92 70 87 56 92 69 97 84 80 79 53 11 79 53 20 55 1 79 61 92 58 27 5 80 74 59 96 49 83 78 24 65 9 86 16 19 4 23 9 27 36 7 27 65 99 29 82 71 40 40 81 82 32 8 96 21 97 29 69 3 34 13 98 94 10 89 95 19 56 98 72 1 15 56 13 35 48 21 20 59 
59 66 47 80 25 24 69 32 87 6 14 7 54 33 20 87 51 36 60 92 14 18 0 70 98 33 56 1 11 46 74 67 62 34 60 14 44 81 97 82 15 51 58 77 94 6 54 79 69 72 20 87 14 37 48 43 50 84 40 7 16 52 46 65 9 63 39 97 96 44 27 45 34 50 77 33 32 43 68 16 83 88 30 68 69 98 59 51 88 94 59 21 36 29 58 27 68 36 6 9 
13 31 7 35 18 68 87 72 68 85 5 19 24 82 10 24 15 78 3 83 42 94 14 55 40 65 43 77 1 43 50 79 31 57 49 88 21 77 97 7 19 72 74 3 45 94 23 35 61 21 13 13 27 74 41 61 71 89 16 31 58 30 6 9 67 66 70 38 19 58 94 42 46 40 53 22 37 68 63 70 27 63 21 33 33 17 86 60 79 40 44 14 89 38 5 35 58 77 93 14 
79 21 14 77 39 99 72 80 95 18 9 2 50 75 19 63 41 70 18 74 80 40 42 86 81 21 86 43 12 77 53 2 67 9 86 20 15 32 11 59 11 52 29 7 11 72 18 25 69 68 98 27 46 86 35 12 98 88 17 60 80 58 42 86 56 60 17 8 56 2 24 61 35 89 92 21 8 74 70 11 50 11 3 82 99 37 17 32 41 78 64 93 12 56 21 72 53 56 53 98 
47 1 52 18 95 17 67 24 23 3 28 87 8 59 99 58 41 99 77 68 50 85 75 17 14 52 30 5 42 48 99 1 83 30 92 97 6 7 89 19 43 39 83 7 79 56 28 52 83 65 42 59 62 83 30 98 9 67 5 54 50 60 1 68 24 47 54 81 61 52 72 96 55 51 42 47 11 14 79 70 62 72 88 48 54 66 22 35 66 0 5 90 73 78 51 11 70 15 93 72 
93 70 28 58 52 92 11 52 1 8 98 65 34 15 71 79 35 21 18 73 8 27 14 33 56 53 11 48 66 37 31 30 49 63 70 61 83 92 58 4 81 25 14 79 24 89 74 83 94 28 39 43 7 67 77 40 90 70 6 29 75 59 48 14 39 28 75 32 15 82 72 12 55 54 78 95 40 92 57 99 50 37 55 77 0 79 97 78 48 43 75 12 77 91 72 97 54 26 69 53 
27 79 7 63 44 78 10 3 92 55 49 5 67 34 17 54 73 71 52 90 41 57 72 60 82 50 20 87 54 94 8 4 61 12 0 70 79 61 80 86 98 45 68 57 99 67 4 56 1 52 11 78 16 86 85 81 67 55 40 74 81 72 18 87 82 44 72 8 5 8 46 22 48 39 26 34 21 87 82 59 36 61 67 72 57 46 42 51 33 14 40 66 35 60 35 78 34 17 76 72 
57 47 54 0 68 11 89 75 53 98 97 32 67 16 10 88 64 23 89 11 38 53 96 76 87 39 66 41 55 86 67 56 5 51 37 6 43 17 27 2 18 70 49 66 20 87 17 82 38 39 16 99 89 51 38 70 47 81 72 5 55 55 79 69 35 50 73 89 74 52 6 34 31 77 2 7 70 43 42 71 81 19 64 91 56 86 79 24 64 65 52 53 32 4 22 5 91 13 88 81 
31 38 43 53 67 51 76 54 15 29 17 66 77 7 77 80 22 60 29 54 36 82 14 19 92 89 72 29 27 88 49 47 93 91 6 61 63 13 86 52 84 49 98 34 63 55 32 3 4 51 45 91 99 7 96 29 22 80 72 7 21 43 14 26 25 83 31 38 67 14 3 76 8 62 68 47 70 6 48 56 70 60 12 30 96 97 96 1 82 99 85 88 52 85 58 75 10 99 5 75 
45 26 21 0 32 48 44 37 31 83 9 57 42 27 31 92 22 91 98 48 31 0 42 38 81 77 87 48 99 41 86 35 55 54 61 79 82 84 4 72 43 88 62 13 56 34 2 49 72 43 71 34 25 89 68 65 19 28 71 16 54 49 84 96 31 1 77 0 6 13 33 77 16 51 97 88 82 5 39 66 34 99 87 33 40 10 82 46 79 27 85 88 96 21 46 5 65 97 55 69 
36 93 64 93 23 48 21 10 84 29 45 50 79 68 51 71 49 18 35 67 68 62 11 17 76 51 6 97 65 15 53 71 54 53 3 65 83 47 44 17 64 67 51 32 10 28 61 35 29 63 42 94 14 15 12 86 61 31 82 66 25 12 31 77 83 8 77 86 93 44 74 28 15 33 68 43 82 43 91 97 56 60 44 23 88 41 79 40 66 45 32 99 67 83 92 80 45 46 41 72 
13 33 77 57 9 46 56 57 9 79 87 54 89 14 57 7 76 22 76 69 13 48 93 92 28 77 81 93 16 92 41 92 66 84 88 23 48 96 47 16 93 83 18 0 92 61 80 86 33 45 12 41 36 24 32 63 78 11 51 71 90 0 18 58 38 93 27 42 46 68 83 48 65 44 25 75 56 34 47 14 71 39 6 63 3 48 51 14 9 74 48 0 0 83 8 57 88 97 42 12 
52 95 12 1 1 66 21 75 73 62 19 74 99 97 89 86 22 61 98 4 36 50 81 24 21 62 22 8 97 76 25 4 6 33 89 85 49 32 59 76 98 28 26 69 83 40 64 88 44 34 66 89 97 31 79 62 88 15 98 54 71 18 20 39 37 59 56 37 17 11 0 71 54 18 50 53 41 94 64 4 81 13 92 12 9 0 7 23 82 17 10 75 2 25 35 18 30 29 70 62 
97 75 16 77 80 85 31 82 86 54 42 65 32 70 63 85 74 47 1 35 79 11 12 88 25 10 99 13 18 76 21 49 74 66 85 75 26 95 51 35 49 67 14 22 36 55 48 6 49 44 90 98 46 3 17 3 2 20 99 57 94 15 56 56 32 10 91 86 83 15 17 71 36 19 32 39 98 90 3 61 89 63 80 25 36 23 88 54 51 7 15 21 87 45 20 37 41 20 73 25 
86 25 94 2 71 77 73 2 9 99 55 84 89 51 63 47 87 74 39 29 71 18 1 73 38 52 11 57 5 13 78 76 62 70 47 72 78 71 42 96 21 66 94 55 78 50 27 69 98 74 33 55 50 44 43 80 61 70 25 23 53 94 37 12 64 28 43 58 2 42 77 40 44 16 90 99 25 77 90 27 41 47 5 36 60 51 84 6 58 36 13 18 3 36 52 82 63 55 94 92 
59 34 33 51 97 98 70 89 51 76 35 55 10 53 75 33 93 43 79 76 85 62 68 11 4 54 33 64 61 53 79 34 48 24 54 4 16 2 71 19 44 71 20 94 24 39 94 59 97 90 14 58 93 19 96 68 85 16 99 26 93 93 80 82 38 93 21 82 35 50 6 19 10 87 29 34 59 20 91 39 14 15 41 34 15 62 46 51 6 9 49 99 43 87 11 50 99 25 33 83 
50 5 89 82 24 85 49 87 8 77 55 24 60 92 85 34 34 18 18 59 58 54 26 15 9 38 89 55 74 30 83 43 55 74 49 30 73 27 11 43 72 80 23 18 62 53 37 91 24 21 9 69 73 12 15 68 59 27 22 93 96 49 95 50 10 36 88 55 68 2 67 42 54 71 2 54 81 83 75 93 9 33 27 25 24 0 99 0 44 69 96 66 59 88 94 40 93 36 83 43 
43 76 7 45 6 84 54 39 88 28 74 44 20 52 45 93 99 28 73 55 52 31 46 72 56 77 17 18 89 8 28 87 49 86 45 83 57 62 17 57 18 59 42 90 35 47 42 24 57 60 6 84 69 50 3 1 83 77 0 63 58 84 59 52 17 83 6 97 7 60 58 6 78 34 74 53 92 80 22 35 37 89 96 57 66 81 58 89 42 5 94 72 16 31 48 70 14 37 1 87 
86 5 10 39 28 27 31 11 12 35 37 66 27 32 60 85 55 66 46 4 26 65 75 72 98 37 17 26 13 25 28 28 65 74 50 70 72 98 81 53 90 72 1 10 77 15 66 40 83 9 99 34 47 83 73 14 6 28 94 46 65 24 68 87 73 29 75 29 18 26 79 92 2 86 45 94 87 54 26 85 60 26 12 53 92 72 75 32 50 43 61 91 4 18 80 55 53 59 17 90 
0 63 22 48 0 96 78 17 16 19 16 11 90 56 54 26 51 17 70 35 73 96 87 73 58 74 64 62 1 89 80 22 82 98 83 50 61 79 51 80 21 2 71 11 8 45 90 46 79 97 90 74 34 43 7 49 21 99 58 57 99 69 15 60 47 42 45 86 98 89 18 34 98 24 11 3 24 83 67 38 8 31 94 48 52 36 42 38 89 67 47 28 84 74 8 26 53 45 57 18 
27 36 24 9 12 35 3 60 99 25 39 1 52 61 58 56 18 4 40 85 83 85 31 81 53 50 29 83 31 34 53 41 72 88 51 83 23 57 59 75 46 0 87 80 91 56 51 1 0 2 25 24 63 97 5 71 23 61 64 50 97 95 3 0 22 90 45 27 29 83 68 86 50 53 30 86 24 86 43 1 57 55 11 34 80 90 55 17 23 5 53 48 34 93 94 12 86 32 90 37 
32 96 17 84 84 71 73 70 24 34 78 48 72 44 10 4 65 43 24 97 44 54 37 89 0 37 76 87 95 22 81 50 39 79 86 55 90 3 79 7 19 87 18 91 67 21 10 3 83 68 86 70 39 68 96 42 79 30 74 57 13 43 44 79 99 78 90 86 10 85 94 94 24 71 81 43 19 35 86 62 37 28 8 14 24 73 49 36 84 86 31 73 67 69 43 68 62 52 39 91 
22 4 81 56 52 3 78 35 74 81 48 62 63 8 66 48 37 49 96 26 29 80 55 26 12 30 52 61 80 44 97 80 61 42 33 16 56 55 64 45 46 21 9 8 19 91 11 32 85 2 45 73 74 18 79 70 52 62 80 39 40 60 96 43 86 53 92 1 29 27 11 50 88 93 93 92 43 84 4 7 34 39 78 61 90 23 99 9 35 85 62 91 42 25 87 91 78 72 74 20 
20 65 11 9 65 82 2 26 42 24 72 8 24 41 54 58 79 22 2 58 64 66 81 28 25 27 27 36 62 3 18 60 22 81 37 93 13 47 30 86 59 79 38 82 73 19 50 68 67 13 63 59 17 32 19 52 14 51 41 20 88 49 5 14 2 56 65 73 89 79 48 58 49 93 36 78 80 12 90 18 65 29 24 63 92 66 89 1 85 18 48 19 78 29 44 86 45 36 10 45 
4 24 6 42 38 98 41 89 78 0 90 54 15 25 99 24 94 28 27 49 16 35 36 55 86 93 82 22 68 55 24 89 77 89 44 92 99 98 40 34 51 18 99 97 99 80 0 57 86 26 40 88 60 9 12 21 87 73 70 11 71 80 63 2 2 60 57 6 20 48 66 5 19 11 74 78 49 73 82 58 46 82 15 47 13 92 74 51 90 66 15 30 97 63 67 28 39 38 44 42 
18 29 83 86 2 67 60 72 27 1 24 92 77 4 55 70 49 54 36 96 23 29 58 6 47 86 88 67 91 11 13 17 20 39 45 69 69 96 33 69 54 37 80 76 17 97 92 80 49 75 52 65 22 50 19 21 64 2 75 24 1 64 94 71 72 93 2 11 66 94 46 30 79 53 5 79 67 12 69 1 9 75 92 82 82 86 15 79 45 74 61 45 87 1 20 7 45 31 50 76 
23 73 94 42 96 40 61 73 85 21 53 67 70 29 60 70 18 24 30 58 27 89 17 82 81 60 67 13 0 89 42 12 0 23 85 23 96 98 20 89 10 76 54 99 43 40 44 7 36 58 60 82 18 42 87 47 79 31 1 46 9 88 38 71 85 24 5 44 75 35 22 72 3 32 20 40 70 73 82 53 52 98 11 28 23 80 35 64 73 98 32 99 62 42 5 58 89 96 38 57 
83 97 94 32 13 77 92 14 84 49 83 8 25 36 37 80 33 41 15 23 79 64 57 65 49 84 29 62 91 25 63 6 95 87 83 55 28 24 89 18 49 14 41 40 67 61 48 9 94 6 12 11 97 87 69 64 40 93 78 69 36 6 44 61 60 55 77 17 59 93 98 51 87 58 49 88 33 95 1 40 22 10 69 73 52 80 93 66 81 71 78 74 40 75 52 54 55 14 8 59 
84 2 37 38 3 24 68 86 91 78 87 24 49 81 30 19 62 5 80 95 51 27 52 4 80 30 16 36 60 30 34 78 63 49 29 13 95 32 47 66 77 35 15 98 63 18 44 38 32 1 73 18 13 73 40 52 91 89 79 22 89 40 16 13 60 23 63 39 92 31 0 1 54 52 70 89 28 23 14 21 61 50 71 96 78 77 88 87 92 31 58 17 94 0 83 21 23 6 49 99 
41 3 93 34 21 29 19 68 92 75 2 32 48 70 10 34 24 23 34 62 41 47 88 99 31 14 41 33 26 16 10 14 61 90 66 33 12 23 43 24 30 80 31 24 67 51 74 4 9 94 25 72 10 98 17 17 47 11 55 95 0 7 68 15 34 92 38 1 87 18 89 83 4 25 41 71 87 42 54 98 37 68 93 15 30 8 72 26 11 98 90 41 88 6 45 18 81 87 61 6 
52 79 26 59 7 54 56 54 74 88 2 88 34 19 79 56 20 21 44 85 50 91 6 84 67 74 54 62 45 39 68 46 23 99 72 90 60 42 52 33 7 49 81 36 89 54 1 20 71 46 4 22 16 60 55 82 47 38 32 22 27 70 80 97 99 90 42 40 35 76 15 62 48 77 64 65 57 74 45 43 65 3 85 66 11 55 99 26 5 39 59 17 79 44 40 75 86 86 74 18 
60 49 31 26 48 37 21 72 98 55 91 20 97 80 36 4 74 77 58 90 28 99 30 24 47 0 33 72 83 44 49 28 51 43 16 35 27 60 29 2 1 13 96 78 99 96 3 63 37 63 5 13 0 25 32 28 69 97 53 59 44 8 91 96 78 90 5 46 40 55 28 1 75 49 31 2 52 92 11 11 38 62 62 65 92 21 86 15 35 94 72 55 61 69 37 28 85 83 94 86 
71 3 86 72 15 51 86 85 3 73 85 26 72 80 48 78 48 9 1 87 70 4 6 31 23 25 15 9 24 15 95 12 35 0 36 65 68 80 89 70 59 1 84 73 97 96 99 91 27 18 92 29 34 82 5 83 75 91 89 33 43 73 51 18 90 29 29 68 89 3 95 8 50 35 84 71 14 75 38 95 26 99 29 29 93 56 3 65 45 72 76 54 7 59 70 54 92 79 59 95 
27 89 86 20 82 27 14 39 36 70 79 0 37 62 15 51 79 86 86 24 15 81 11 54 22 60 20 63 93 64 52 82 50 49 0 69 69 31 35 68 5 82 13 98 57 81 73 19 59 55 39 96 86 57 20 56 81 61 38 61 18 14 59 62 91 96 61 62 33 2 85 40 13 33 59 1 55 0 67 8 0 34 18 0 36 92 74 74 18 80 32 66 59 47 4 95 56 42 27 23 
76 33 79 27 79 4 72 79 11 54 84 90 95 39 17 89 57 99 21 83 98 72 18 69 17 73 41 11 25 35 29 97 24 60 41 0 34 77 69 13 44 41 64 68 9 99 4 91 56 25 81 5 16 17 93 19 1 48 67 73 7 57 64 56 54 80 88 46 49 83 29 97 4 58 16 35 43 26 54 69 59 2 13 69 16 83 47 25 73 98 20 62 46 55 91 25 43 58 0 76 
67 28 36 43 41 97 60 94 61 30 71 7 55 41 81 61 91 51 10 60 42 10 13 82 58 32 3 50 45 0 69 85 16 47 87 44 17 64 7 57 72 16 49 52 92 21 55 17 27 19 96 19 47 3 36 53 53 41 72 80 41 50 3 69 31 27 9 73 44 78 41 13 43 53 49 38 67 7 30 49 9 65 14 69 8 56 14 88 28 3 0 91 96 4 18 9 63 90 2 94 
76 86 24 38 18 76 23 63 58 84 31 7 44 83 38 45 37 89 84 42 43 20 91 21 6 49 9 97 91 16 10 48 83 69 32 15 89 60 91 28 56 7 96 15 41 43 25 56 62 95 77 77 44 58 54 12 8 24 20 61 39 36 85 97 78 99 91 84 48 3 26 24 21 21 6 44 88 3 59 38 1 61 14 39 73 98 46 14 34 15 6 87 46 20 21 81 62 64 64 7 
0 0 7 81 48 31 8 12 68 49 22 4 42 2 81 2 11 4 17 7 40 30 45 87 76 93 81 43 62 98 50 53 40 46 63 43 96 19 46 88 78 7 32 25 9 6 4 87 75 82 54 73 25 20 29 74 83 3 84 37 96 92 33 97 38 55 30 7 39 22 44 43 51 11 90 45 33 95 25 50 42 73 62 88 93 67 20 32 3 57 57 21 79 63 34 42 34 73 84 1 
30 39 49 79 17 60 9 90 72 23 66 7 37 63 89 50 34 87 30 93 21 80 57 56 90 69 55 38 32 3 58 3 67 0 37 44 13 58 56 51 17 59 98 45 86 86 29 60 54 95 14 32 71 86 24 38 72 90 72 54 83 5 21 72 97 81 11 91 85 63 63 78 68 69 64 80 20 8 28 89 4 80 96 54 79 9 94 62 54 16 88 32 61 45 32 28 10 32 68 23 
26 17 53 60 50 85 22 21 30 47 57 49 17 60 58 45 51 67 23 78 97 35 67 2 70 31 17 10 76 16 51 8 11 63 28 6 93 57 18 86 49 45 91 62 19 41 76 43 41 36 80 62 67 73 23 45 21 87 79 3 37 25 99 51 62 94 58 72 1 83 18 0 14 17 65 95 60 85 51 45 38 62 4 55 56 55 6 99 83 66 75 13 82 78 60 90 58 93 72 0 
47 14 90 54 54 38 49 95 17 94 62 16 95 21 68 55 14 96 45 8 19 84 29 98 50 13 60 77 82 97 49 88 78 8 46 23 56 46 39 83 94 83 21 92 16 70 48 60 91 62 67 26 12 74 6 91 7 49 7 55 40 52 45 49 44 24 79 76 43 96 4 13 67 23 56 34 61 8 94 91 20 18 89 42 28 9 74 40 70 1 97 61 63 69 90 29 69 39 78 22 
33 86 27 10 14 28 3 74 64 89 52 3 97 27 3 14 60 79 73 83 81 22 61 0 92 83 52 38 87 60 19 87 28 96 40 24 70 95 39 46 50 34 80 48 92 14 0 47 99 56 74 30 99 7 83 52 1 53 89 52 16 52 82 49 9 75 71 36 42 49 53 53 37 29 27 14 43 99 80 33 3 97 97 46 18 69 93 6 49 25 6 24 16 66 14 84 94 24 53 12 
6 39 88 78 46 53 86 61 1 33 48 67 17 92 84 71 51 48 69 93 46 65 96 64 13 40 8 0 90 91 8 36 98 23 74 21 41 22 51 55 57 25 30 79 19 1 60 35 24 52 68 50 1 9 63 33 39 28 5 7 54 2 11 18 57 72 99 14 85 79 65 51 67 41 25 34 76 77 68 22 52 24 75 62 92 42 32 7 91 65 51 97 43 94 94 43 14 52 6 30 
65 26 46 4 88 19 90 27 79 97 93 66 63 89 0 86 1 51 65 43 6 45 23 34 33 38 67 10 11 10 41 44 81 5 11 33 4 15 11 48 48 67 12 12 1 52 60 67 35 93 64 41 40 18 19 79 21 46 31 18 53 33 82 20 3 24 65 21 74 83 78 20 37 50 65 9 16 45 93 77 25 99 25 64 79 26 25 72 56 40 56 15 97 57 8 34 42 9 27 0 
12 80 94 78 59 71 18 83 92 97 53 41 71 24 79 32 98 74 57 88 71 66 14 39 0 45 62 26 61 73 93 13 74 79 26 1 39 77 49 86 99 14 33 24 90 76 93 86 9 9 0 41 37 94 58 42 33 95 19 1 31 2 50 97 14 12 77 11 87 88 52 11 21 27 69 47 56 55 32 46 8 55 28 24 3 56 0 70 75 6 33 96 27 95 88 2 55 75 94 21 
49 32 81 90 3 67 31 23 99 88 5 15 43 16 7 32 63 42 49 42 68 96 44 71 25 25 0 91 48 28 34 96 36 17 75 62 22 26 18 33 37 41 27 92 85 78 56 79 49 12 33 28 70 0 37 39 95 78 43 14 73 22 35 33 91 59 12 19 83 76 34 81 39 89 45 67 22 81 67 74 75 21 8 29 23 71 27 76 5 24 71 40 11 64 85 84 81 2 11 29 
67 10 4 6 16 21 77 27 0 35 34 95 16 56 95 14 93 50 99 31 66 58 97 86 46 87 44 39 99 96 87 0 63 53 10 37 53 75 52 46 58 72 87 3 94 70 21 52 68 50 84 19 52 82 19 79 77 29 9 34 78 92 15 11 15 23 8 50 29 60 38 72 50 77 92 2 98 9 97 97 60 78 46 9 28 25 82 97 12 53 15 8 44 1 6 16 53 83 30 40 
48 48 55 14 22 66 98 46 34 9 88 12 43 15 94 2 0 14 17 34 46 44 88 56 31 16 35 64 19 27 1 59 22 14 38 35 24 46 84 19 28 37 69 51 60 34 30 80 8 14 5 52 75 64 39 83 94 55 74 43 27 60 99 15 14 13 97 35 78 65 4 48 26 1 76 24 56 85 96 43 87 11 37 90 97 1 66 60 39 25 80 60 29 45 2 53 90 21 14 71 
87 36 10 37 3 98 50 53 72 0 64 56 67 21 10 28 74 76 9 42 96 77 46 13 70 85 38 23 28 9 25 29 35 72 89 41 87 34 8 7 17 51 9 6 73 98 74 79 26 13 29 37 26 19 60 15 33 91 49 93 33 50 25 10 3 92 50 97 36 5 33 34 96 38 28 7 51 62 10 61 97 82 60 58 48 38 81 77 57 99 52 16 15 60 79 70 46 3 87 99 
51 36 87 54 49 67 62 44 60 65 29 9 97 58 36 98 35 59 61 18 47 59 1 11 65 97 18 59 32 4 17 6 39 64 7 83 2 85 22 45 76 57 5 83 90 6 85 31 70 43 78 39 29 64 47 42 62 62 60 61 75 85 9 99 15 89 93 32 49 40 47 86 15 3 33 83 20 84 23 34 52 7 8 8 57 27 13 21 3 23 14 6 19 41 43 83 60 24 69 40 
83 57 25 89 95 41 14 48 68 45 73 10 0 72 97 72 18 15 63 38 57 60 24 46 56 68 64 84 13 95 42 79 86 7 17 73 40 36 8 2 65 78 62 17 92 31 5 63 72 47 65 54 6 42 56 68 7 51 51 57 75 47 21 89 76 11 24 2 23 12 35 3 21 50 51 49 88 98 36 59 15 60 20 39 45 6 74 14 22 82 23 97 83 78 0 2 80 4 41 28 
26 76 17 40 11 21 56 39 27 7 64 60 47 94 52 50 25 52 22 28 59 14 62 63 45 52 90 21 54 71 58 52 36 93 10 32 48 83 87 47 26 33 15 49 2 35 38 18 21 21 12 83 31 10 8 68 86 58 92 20 91 93 55 66 95 31 53 66 38 8 55 62 12 8 11 1 75 61 2 49 31 98 74 87 72 5 54 19 67 31 38 8 92 66 78 92 76 85 99 75 
57 15 39 15 77 58 54 30 9 7 92 49 5 49 30 76 89 26 19 56 11 73 34 51 84 18 47 77 7 78 15 29 83 93 36 40 43 71 60 93 80 27 33 55 82 13 91 42 54 17 17 54 58 61 2 15 99 4 70 45 34 40 26 63 70 69 13 80 93 1 95 28 66 89 25 71 36 57 16 93 41 5 66 1 15 22 68 45 85 33 14 12 36 32 91 59 74 86 70 59 
50 61 91 80 20 14 4 21 87 28 74 55 55 34 55 68 85 43 28 71 32 64 13 7 22 70 80 65 14 49 49 40 42 73 76 86 81 4 54 8 63 13 19 77 29 8 24 44 73 70 70 5 86 48 38 23 31 14 0 78 19 40 54 24 87 28 14 54 45 29 55 17 95 37 85 0 7 70 92 30 98 72 68 22 29 48 91 14 64 7 58 92 28 92 29 2 65 85 51 74 
29 82 60 47 67 16 56 30 25 67 84 98 50 38 44 42 46 81 6 15 0 15 58 52 24 99 40 64 1 91 86 25 10 44 64 20 59 97 50 45 44 92 2 87 48 88 19 83 21 5 6 53 68 33 5 38 88 20 47 7 92 30 54 9 0 96 54 77 2 47 17 46 43 4 48 12 70 9 92 26 21 97 81 68 14 22 44 4 18 8 22 72 74 19 69 63 46 35 69 3 
82 69 48 98 94 10 80 26 56 64 66 41 78 33 25 45 48 24 51 3 58 64 32 90 89 98 16 53 81 73 94 73 75 61 50 69 18 41 23 56 80 92 51 60 55 10 34 7 68 83 53 34 44 14 61 30 0 78 26 97 86 1 53 70 16 6 41 92 22 38 28 2 29 6 48 92 46 87 42 16 91 50 43 3 6 27 57 55 18 86 26 43 51 21 80 83 35 47 64 45 
27 92 38 86 57 63 24 69 49 42 70 70 44 0 13 74 10 99 9 87 60 2 92 48 25 57 61 74 32 69 7 45 26 91 43 32 44 97 55 10 57 6 68 43 28 4 17 72 54 42 5 73 6 44 10 44 4 13 60 46 41 71 72 8 18 1 48 89 72 66 22 62 16 93 96 66 36 4 57 18 78 29 4 59 96 35 64 15 35 12 40 45 25 26 23 73 71 15 85 94 
45 5 50 58 3 1 96 54 73 43 45 81 83 82 80 58 87 59 94 18 32 41 71 1 83 2 91 75 56 10 47 39 14 8 18 22 48 78 5 96 86 83 22 9 39 80 14 37 47 73 74 32 92 76 26 16 29 42 19 78 39 17 0 49 4 67 79 33 30 69 53 63 3 78 38 12 64 10 52 45 4 89 35 25 51 68 86 22 3 34 72 83 65 41 17 7 6 0 90 27 
82 48 15 80 95 72 61 27 34 48 84 8 76 73 23 75 17 37 82 20 43 95 42 18 46 80 37 7 61 70 97 59 21 62 45 14 35 21 98 78 4 86 44 4 2 30 81 73 97 65 38 55 21 26 20 96 46 97 79 96 87 43 30 86 56 33 26 52 84 46 34 19 90 47 8 64 64 77 4 74 21 21 27 66 32 89 52 22 9 7 96 95 97 69 84 60 47 63 95 48 
73 62 72 66 40 76 76 54 84 94 92 62 89 13 72 73 12 14 94 24 96 13 3 17 27 66 12 58 82 64 69 37 69 61 69 58 29 63 5 88 56 75 32 17 69 25 33 76 2 81 85 45 7 32 47 44 77 12 83 85 21 66 55 22 7 84 31 8 70 69 92 43 16 26 99 78 51 5 70 58 90 93 71 69 52 94 62 94 84 84 50 72 30 11 52 71 16 50 42 44 
23 88 1 61 98 52 68 51 79 20 67 90 80 13 33 97 75 44 9 22 71 99 4 33 61 46 22 87 32 42 68 45 11 42 92 40 49 39 36 89 44 22 15 2 21 80 80 66 14 77 68 88 8 76 77 40 13 10 98 73 18 4 26 86 17 75 27 30 78 30 86 42 62 2 44 67 72 1 74 27 75 87 24 77 75 64 16 93 28 22 24 92 93 55 71 36 65 14 47 87 
77 30 68 5 47 58 59 23 94 12 79 94 24 29 96 81 76 22 55 70 1 88 80 93 48 20 72 9 36 67 98 88 75 26 28 79 0 78 36 29 3 62 45 63 97 72 91 63 64 52 6 43 5 37 40 82 52 47 62 49 8 87 70 75 96 37 80 42 80 51 32 88 8 52 95 28 35 17 59 59 9 12 92 69 93 8 7 31 67 79 91 27 70 71 45 41 95 87 61 16 
29 97 70 60 6 20 83 8 60 82 65 74 21 36 75 43 1 14 64 81 39 15 73 39 65 67 87 6 71 85 30 86 1 17 4 2 42 45 54 48 3 95 13 69 78 75 63 58 32 57 6 18 91 96 30 60 21 51 72 26 72 9 95 69 0 18 79 31 66 12 7 67 52 2 9 31 40 75 80 52 95 86 72 34 65 95 4 0 62 3 31 49 53 59 42 49 46 6 73 18 
28 27 70 13 14 58 55 28 58 99 2 55 66 66 57 97 72 84 94 8 90 32 15 49 23 94 62 50 21 82 15 64 45 43 79 17 15 83 82 70 43 65 7 81 65 24 49 21 52 96 26 16 75 32 82 79 21 28 58 3 16 0 11 74 46 22 88 71 61 17 4 10 70 75 93 19 22 67 8 65 43 23 69 97 90 88 11 73 1 88 12 82 83 3 33 86 77 69 45 36 
79 96 53 13 31 17 76 85 14 60 26 10 41 15 5 47 68 43 14 65 56 93 1 43 57 56 89 13 5 27 81 15 58 99 11 78 17 1 10 63 92 58 81 70 6 37 89 5 82 50 40 12 41 38 97 67 30 67 21 40 77 50 94 98 86 30 30 92 32 39 11 5 84 70 50 4 60 45 1 9 74 88 38 35 60 95 96 33 59 18 48 84 40 14 64 48 21 84 65 37 
5 85 35 45 63 25 44 35 66 88 80 9 58 75 4 70 58 17 42 78 71 78 51 58 14 49 9 14 32 11 36 80 4 44 28 84 71 15 23 88 38 86 85 2 0 91 64 16 67 21 2 56 13 75 72 15 65 78 10 58 12 74 17 66 22 98 32 26 86 29 49 87 49 45 14 94 83 13 51 18 91 18 45 85 86 13 76 47 91 96 13 52 33 98 16 0 99 93 35 55 
28 62 1 13 48 74 29 25 17 13 13 86 37 19 41 76 37 99 82 48 91 58 98 38 65 83 77 52 72 34 58 46 32 13 27 57 24 47 71 48 58 52 72 1 28 81 70 2 59 29 59 40 89 40 73 92 22 75 11 56 35 42 24 56 77 17 72 3 83 42 56 44 99 6 97 88 10 50 68 4 91 99 73 38 52 7 39 96 96 24 6 7 46 65 87 25 38 43 28 0 
78 6 84 38 93 48 86 65 75 78 72 41 76 48 96 84 39 79 45 60 1 12 88 99 4 78 66 7 29 36 50 20 37 2 76 30 27 33 32 46 89 10 34 73 8 30 17 29 48 37 8 69 71 36 72 53 14 36 54 68 68 35 78 35 25 4 50 55 58 54 76 82 41 57 22 96 15 80 79 32 81 69 24 30 32 95 30 41 51 17 40 52 27 49 26 2 61 24 95 44 
93 91 26 22 59 56 40 45 92 37 98 30 20 25 20 33 13 33 53 23 93 39 45 21 11 78 26 14 53 42 52 81 7 11 63 77 58 66 73 14 13 88 92 1 59 78 35 56 0 46 4 94 63 46 15 44 50 16 31 44 22 56 0 73 75 77 46 69 77 34 92 40 76 84 86 49 22 46 13 26 6 75 55 30 19 25 14 50 80 26 19 78 43 91 44 12 7 97 2 33 
20 5 58 45 7 8 27 58 66 51 57 8 86 87 39 50 11 72 58 16 73 33 68 71 87 24 12 70 53 94 77 75 25 68 27 90 90 56 38 93 28 70 12 10 73 61 54 56 32 66 0 62 44 54 59 58 32 29 22 29 79 45 76 41 18 73 80 84 48 35 79 81 86 67 95 83 83 15 24 85 74 48 34 94 74 45 11 83 22 7 37 9 29 4 21 74 37 76 84 10 
86 46 86 36 71 2 93 42 11 95 10 97 63 11 33 80 50 35 86 7 27 81 48 5 73 63 26 15 35 63 78 86 69 25 27 98 75 28 78 28 52 46 58 13 95 71 97 93 47 7 93 37 15 46 25 80 95 33 5 55 70 1 67 52 68 12 77 61 52 65 67 71 16 97 85 33 12 45 9 98 5 4 34 55 47 61 73 49 37 5 88 28 28 1 11 38 12 19 12 17 
29 60 25 99 1 79 52 1 37 86 43 55 98 78 4 63 59 70 23 20 1 18 17 7 59 45 37 44 37 83 0 53 24 82 71 60 54 56 89 56 19 55 36 91 93 0 48 10 2 46 61 41 31 94 33 13 55 49 50 36 97 17 45 27 41 34 71 10 46 91 68 42 74 63 19 54 2 83 24 41 74 8 54 56 59 49 64 94 39 20 77 20 19 20 89 5 94 55 3 11 
31 18 29 8 44 55 69 4 83 9 67 53 49 67 47 79 53 64 28 87 22 76 57 84 48 16 38 1 39 59 68 95 14 14 38 32 9 65 87 24 26 64 72 46 15 48 53 12 65 87 58 9 16 46 4 72 86 5 78 93 67 82 21 98 30 3 99 76 69 88 67 34 94 45 92 97 89 38 56 54 10 80 21 65 37 19 21 17 62 27 97 71 48 1 39 77 16 51 3 86 
42 90 26 51 18 38 49 59 21 69 23 58 54 72 35 34 20 9 51 98 76 55 13 57 97 62 94 50 74 49 82 85 9 74 27 61 94 58 86 81 93 30 76 28 73 36 84 22 56 8 78 30 61 46 75 26 75 54 6 73 27 93 59 44 81 92 66 77 92 16 21 29 15 94 95 97 40 39 36 89 95 84 63 51 27 72 36 26 29 94 61 93 7 92 65 96 63 65 73 67 
76 68 30 68 93 45 43 99 13 40 78 73 65 8 24 36 52 86 52 9 4 46 22 81 94 86 92 2 95 6 8 12 76 5 1 56 81 94 57 1 11 54 76 91 74 42 36 12 91 26 57 91 74 11 43 71 77 67 80 26 94 18 83 16 61 18 25 18 56 19 57 6 18 53 88 94 8 91 28 39 19 41 42 82 33 3 83 12 55 1 98 32 0 58 16 99 8 74 29 5 
76 87 97 19 34 79 52 54 6 14 20 32 53 96 41 59 45 9 75 74 58 76 57 89 47 49 15 22 0 76 96 35 98 11 16 34 16 4 82 39 33 97 25 2 87 71 26 5 54 75 60 23 69 1 30 75 44 56 43 40 17 87 96 26 21 7 92 28 67 77 72 91 36 7 75 88 39 82 37 87 23 61 28 96 43 73 59 73 19 14 64 68 24 70 7 57 59 67 10 79 
28 74 44 38 58 11 90 16 36 67 70 8 35 55 97 17 29 23 17 37 34 72 43 66 7 62 56 43 48 1 27 74 0 69 24 84 18 77 74 93 35 78 92 56 39 6 56 69 32 20 29 28 55 36 83 61 11 36 37 57 49 80 77 3 74 56 89 16 85 17 22 21 52 61 10 79 90 75 19 75 63 24 37 38 15 22 14 23 8 85 2 70 78 32 0 98 95 65 91 33 
78 29 59 77 74 95 12 64 51 17 11 14 97 67 45 27 18 37 56 13 19 75 33 43 35 33 37 72 11 64 36 0 87 47 94 87 34 6 21 11 54 67 44 9 78 13 31 20 59 70 30 27 13 90 84 97 39 86 53 79 83 27 43 77 19 27 30 94 33 61 63 24 82 51 4 72 55 84 47 58 31 9 44 51 47 22 16 31 76 97 50 51 73 88 26 61 29 0 16 91 
10 97 75 72 97 15 68 75 50 15 75 43 79 46 10 76 96 43 67 49 54 1 30 88 65 96 84 5 44 25 36 44 29 82 80 92 51 12 63 22 70 29 44 10 18 15 23 85 92 86 91 29 96 85 79 56 19 0 58 14 30 56 48 12 21 7 16 62 46 71 47 76 2 41 11 41 5 91 94 51 15 36 53 55 48 25 12 60 62 27 47 84 27 68 44 38 76 41 2 30 
18 41 48 60 95 37 96 7 88 77 66 1 47 12 64 15 56 38 40 3 38 14 28 76 64 42 52 58 40 95 35 58 4 93 22 62 2 77 18 57 26 96 37 43 39 47 52 84 2 56 0 0 76 56 42 94 62 34 5 2 88 70 16 69 20 8 59 65 88 17 31 49 21 71 65 88 21 44 1 69 26 43 57 96 76 88 80 95 42 45 63 88 34 41 10 1 18 71 54 46 
22 4 84 28 46 6 92 10 96 89 16 9 56 12 37 46 60 29 33 2 29 16 23 99 13 3 66 64 62 60 73 25 78 89 63 95 80 27 60 67 57 34 0 62 46 85 74 61 36 35 56 3 9 29 94 34 26 38 52 38 55 20 82 34 21 46 61 51 63 7 45 52 34 3 83 32 31 88 38 18 28 75 52 44 5 37 56 21 64 0 14 26 82 78 10 56 21 29 86 59 
33 79 34 93 20 53 37 70 15 8 14 76 52 29 77 33 32 50 73 58 89 79 10 66 70 26 12 82 63 84 84 88 35 27 40 76 11 35 36 56 19 50 46 53 95 68 0 1 88 46 90 61 20 64 10 44 3 75 26 55 83 41 37 85 0 74 55 78 79 87 6 84 39 57 4 75 70 91 58 26 43 19 66 64 54 57 55 38 16 99 64 78 85 79 29 67 71 57 15 95 
90 40 30 47 70 10 64 69 1 30 28 41 3 60 83 78 80 43 19 85 66 28 3 66 89 71 0 1 29 64 29 71 34 51 50 50 6 39 7 3 10 10 64 63 64 38 72 92 79 82 78 76 73 75 1 39 55 50 34 64 81 62 24 31 37 75 82 95 78 29 82 36 65 21 14 61 31 19 37 10 45 34 74 81 68 98 76 77 87 43 41 76 24 75 5 7 28 83 66 36 
42 7 95 49 12 39 77 20 15 93 15 48 54 39 97 59 68 43 63 52 16 45 61 40 29 61 82 61 63 66 17 49 73 46 82 18 98 74 25 58 32 28 71 91 51 34 9 3 30 24 56 90 41 88 58 82 18 5 87 21 23 21 4 99 29 48 56 30 64 52 69 5 94 62 67 10 43 47 18 11 49 43 50 65 38 57 77 2 52 84 38 58 46 93 24 44 96 80 6 69 
19 13 83 85 87 84 43 23 30 96 27 36 22 34 64 4 5 96 30 72 69 99 5 13 68 51 80 83 47 33 45 63 56 16 6 76 74 63 50 91 54 12 93 26 3 85 15 7 37 24 32 77 74 34 47 83 93 69 66 6 70 60 30 63 66 81 73 95 42 42 56 41 61 61 62 31 18 92 45 2 93 3 27 84 15 2 34 15 14 41 53 17 79 72 85 73 48 57 58 75 
66 26 63 7 68 73 21 33 26 51 54 44 79 8 90 22 3 48 16 30 71 34 4 73 52 98 97 22 76 41 65 3 67 62 94 67 38 75 59 69 35 94 22 67 18 64 58 57 87 0 3 47 25 28 88 87 97 44 89 99 92 4 71 24 24 98 86 48 78 93 75 49 96 1 92 88 67 82 44 87 10 45 31 5 60 90 25 21 16 0 56 1 43 62 94 21 83 77 37 34 
8 19 51 17 8 13 68 47 9 17 64 0 20 25 46 62 81 84 71 74 61 81 13 6 12 28 0 97 57 76 48 20 37 43 61 85 78 9 85 87 88 36 77 58 43 50 70 76 54 7 0 27 93 58 94 57 29 94 37 58 25 91 93 16 57 58 26 52 2 43 72 26 19 32 63 47 98 5 37 60 13 76 9 49 65 99 84 2 27 70 52 23 14 23 47 39 94 23 0 3 
36 20 43 76 74 69 60 24 72 6 60 89 53 26 84 43 68 96 6 48 71 41 18 90 22 51 25 35 21 1 61 52 91 69 7 43 76 65 9 36 73 20 64 11 89 53 24 96 68 6 59 54 5 12 15 88 73 1 68 64 55 79 84 32 3 81 44 50 75 59 56 29 1 2 1 25 36 67 5 97 25 22 86 78 6 62 81 75 56 29 53 56 28 19 97 44 28 70 64 39 
12 35 18 62 77 72 50 20 14 77 24 20 29 28 15 85 52 14 4 91 84 30 70 40 86 33 10 93 54 71 42 58 75 32 21 19 17 36 31 29 83 31 0 52 42 74 11 8 83 23 69 27 18 45 39 63 26 4 94 14 0 22 88 45 5 59 48 16 79 14 80 37 80 25 54 87 98 1 9 5 77 94 95 49 31 91 52 22 6 44 62 95 20 21 72 62 33 94 94 48 
83 77 13 34 42 88 24 39 17 98 69 64 9 79 4 36 43 4 41 7 41 6 14 88 41 26 90 48 85 42 3 55 2 49 68 86 15 31 21 43 52 65 38 19 71 15 97 26 47 98 68 39 8 78 38 64 58 10 73 56 44 81 76 49 3 83 32 23 69 77 53 87 71 30 77 91 99 88 49 85 62 28 35 22 69 11 56 63 40 79 60 72 98 56 78 99 72 45 18 57 
34 33 60 29 82 27 0 39 17 83 36 80 13 41 19 61 31 6 86 48 87 79 40 31 22 9 50 95 56 40 57 67 68 11 8 85 40 68 13 1 65 15 74 30 84 70 66 27 11 86 68 78 79 11 26 39 78 29 44 66 69 34 37 39 19 44 71 40 92 26 63 21 36 27 29 94 39 39 69 71 22 77 41 0 7 53 88 69 45 35 56 72 51 48 41 32 92 32 24 67 
52 23 30 51 29 84 70 33 22 75 91 4 31 48 75 5 62 36 18 87 97 65 83 43 20 21 95 64 33 26 48 27 60 59 44 90 9 67 81 94 52 13 65 33 65 60 36 10 33 19 66 81 62 24 53 46 80 54 19 43 56 55 61 66 54 9 25 70 75 38 38 23 21 54 92 11 77 99 50 14 28 68 27 96 63 48 87 74 72 33 58 65 95 45 54 56 50 62 26 51 
23 87 6 6 39 42 49 81 41 58 98 29 84 36 13 81 39 99 97 46 70 87 87 30 69 81 87 39 23 78 85 80 88 14 36 75 34 40 94 52 38 45 14 95 51 84 40 52 50 20 66 43 5 4 92 87 96 24 21 59 88 34 49 42 7 83 19 79 42 86 49 51 13 16 92 72 33 24 56 21 11 39 50 52 70 32 2 47 23 35 0 27 72 53 44 96 97 60 10 71 
4 61 25 42 79 7 21 84 15 37 60 46 84 93 35 3 89 78 4 38 69 18 22 62 16 44 83 29 80 25 47 34 23 44 32 46 28 79 93 59 45 57 87 92 18 60 52 72 96 34 43 28 19 18 42 74 73 35 77 55 89 6 0 4 1 42 75 99 49 14 37 88 63 77 47 36 54 0 59 61 24 16 80 92 77 27 39 91 80 15 97 60 65 79 42 66 85 81 74 71 
70 32 97 63 75 58 15 56 19 64 6 67 57 46 82 10 75 89 62 35 43 98 51 9 89 99 5 73 66 97 13 98 82 35 37 90 35 91 43 53 34 16 82 55 37 17 32 38 96 26 16 46 34 15 66 3 39 11 5 85 78 87 15 78 28 7 55 52 45 54 61 21 56 22 65 57 21 65 63 26 84 38 68 69 56 27 52 88 91 8 48 0 58 77 83 37 81 21 26 55 
86 33 85 91 78 28 32 33 0 94 47 63 65 10 45 35 0 20 40 46 26 91 99 9 16 5 19 21 69 26 33 49 93 96 93 46 47 62 18 10 94 0 77 12 51 20 66 52 59 20 29 48 25 62 13 77 67 30 21 66 63 85 25 97 33 61 20 14 99 71 38 74 25 44 97 83 29 7 82 58 57 21 20 21 91 65 59 66 78 16 9 96 92 93 34 86 3 1 67 87 
51 7 94 7 22 2 46 71 25 86 34 55 53 10 60 68 7 1 22 70 24 98 0 42 34 37 56 48 55 0 37 55 56 23 76 1 9 34 53 24 5 4 65 28 40 55 2 20 35 45 22 53 33 20 26 50 18 76 88 5 26 75 24 40 85 3 69 33 53 61 3 9 2 23 87 58 31 0 45 10 78 32 25 50 77 91 18 24 71 83 88 18 92 11 39 59 85 87 85 36 
