100 100
92 42 0 25 21 54 98 18 92 29 38 35 45 42 97 95 22 33 25 43 97 4 30 66 50 28 26 71 41 91 66 34 64 64 91 88 2 87 54 75 22 34 26 3 94 22 7 4 19 9 44 45 20 73 40 14 18 17 91 97 31 5 36 99 12 19 7 58 19 77 36 55 69 48 75 55 11 83 31 18 98 94 70 18 23 81 63 80 50 97 63 69 98 57 39 26 23 53 7 33 
47 84 89 32 35 96 64 34 84 3 82 89 37 19 86 95 89 67 91 5 44 40 98 80 26 54 4 87 36 42 76 95 98 91 73 80 33 62 51 44 24 43 57 12 43 92 93 49 69 34 92 58 25 3 17 92 70 47 57 60 68 32 40 41 42 28 95 80 78 62 77 3 47 84 30 63 69 79 68 79 2 82 73 6 56 46 77 56 29 3 81 74 90 17 74 64 28 84 58 94 
97 7 25 61 17 10 91 36 48 66 5 91 11 99 3 86 7 80 87 61 28 55 27 36 10 23 41 1 32 79 39 66 86 43 20 93 40 16 14 96 81 32 64 61 26 84 24 7 59 46 13 36 46 76 57 99 5 96 65 21 32 4 46 75 42 19 10 49 57 1 78 48 40 31 66 55 54 66 60 89 41 98 36 2 21 16 60 49 67 61 21 47 48 46 4 48 60 92 84 22 
97 2 47 49 6 86 71 31 18 30 82 43 62 43 1 25 44 81 59 14 20 4 52 56 51 44 31 82 79 24 35 70 82 8 18 2 86 46 7 45 69 8 37 58 52 46 25 72 39 17 40 25 12 4 97 55 64 26 78 25 49 54 31 6 79 34 47 63 77 78 78 38 71 89 73 91 66 80 5 12 40 14 1 82 99 82 49 32 31 86 63 2 14 95 76 2 70 79 55 92 
0 32 59 76 73 67 70 81 35 48 67 76 72 29 32 96 58 20 61 25 34 58 62 2 46 13 40 36 15 36 75 81 10 3 80 28 40 23 43 84 22 61 56 73 89 80 57 69 50 38 77 32 15 20 3 18 51 4 4 1 7 15 9 24 66 28 63 70 7 39 19 54 38 83 46 22 26 53 5 36 1 65 99 47 25 45 17 81 37 74 32 81 4 65 9 87 56 25 15 44 
43 77 77 16 30 3 12 55 65 41 16 49 87 36 51 32 13 32 57 57 45 98 55 95 41 24 2 71 33 16 49 84 90 50 21 1 33 57 67 58 53 33 49 80 45 59 47 72 9 78 97 57 89 19 59 51 84 10 42 60 65 88 65 34 18 41 36 19 36 6 55 92 64 46 44 60 4 55 8 35 33 26 4 66 61 0 49 54 93 48 54 7 35 84 95 15 80 92 60 81 
0 5 21 67 5 59 2 39 53 19 88 28 23 1 28 29 74 32 81 10 35 93 15 83 97 21 13 82 36 91 54 17 0 59 74 21 30 39 38 70 80 54 96 40 56 49 96 80 17 77 75 97 90 95 37 76 94 44 72 53 92 69 33 33 35 20 57 62 63 72 56 59 30 90 64 57 39 52 20 13 4 15 97 63 73 36 32 98 11 73 63 33 71 16 0 39 24 45 46 0 
26 24 32 25 41 7 75 46 0 22 6 20 60 18 67 8 84 61 26 21 35 80 93 84 37 94 42 26 71 80 27 41 86 28 24 44 11 64 12 77 76 45 75 54 58 18 9 46 64 21 68 59 71 66 83 23 27 19 67 2 80 23 59 46 35 48 17 40 3 1 68 27 75 14 63 53 77 29 17 45 32 28 23 59 26 29 34 46 85 14 62 78 43 22 32 88 3 30 18 88 
93 9 87 37 54 90 21 40 40 62 16 59 29 71 77 3 41 11 32 3 89 32 74 77 50 10 12 89 34 6 91 64 36 2 57 43 68 88 99 47 69 88 13 41 92 19 99 88 1 51 6 57 32 92 55 38 92 38 80 42 94 89 8 29 23 56 25 21 96 64 85 85 5 63 56 14 11 37 61 31 40 51 42 58 71 22 3 97 62 36 5 22 41 38 15 86 67 25 73 71 
81 24 23 32 11 87 71 39 49 31 78 62 16 54 63 81 38 95 16 88 25 79 38 86 80 56 75 18 66 93 35 60 36 78 52 12 9 47 7 99 63 61 4 71 12 75 29 74 60 97 42 93 23 4 29 2 32 95 20 23 21 42 43 21 57 32 92 89 41 90 29 74 66 37 65 1 66 94 54 73 14 85 51 62 10 29 64 69 51 91 45 95 51 47 94 39 65 37 95 81 
33 75 6 15 87 70 45 30 9 89 33 37 60 28 59 58 5 88 86 78 45 61 70 69 20 15 94 29 51 58 61 26 91 39 45 59 41 91 95 59 82 80 20 68 15 98 65 59 58 67 20 83 92 30 74 65 62 54 99 22 21 30 88 81 90 1 39 65 11 87 73 46 67 82 43 20 79 39 16 5 12 80 45 17 75 49 27 57 39 55 95 16 62 93 60 94 33 67 1 54 
33 41 6 52 24 21 9 15 25 2 81 88 53 26 24 79 8 87 38 54 72 76 43 23 48 51 44 15 14 2 45 88 53 80 55 51 59 83 33 14 97 27 74 66 4 25 96 82 56 55 77 87 45 10 5 57 29 36 32 1 47 16 88 14 6 38 8 65 56 43 22 39 1 89 66 99 74 92 65 3 23 18 85 82 84 97 22 32 20 62 9 8 91 27 34 91 41 46 45 68 
33 2 28 70 95 16 98 9 59 30 76 24 93 77 54 93 52 39 61 94 92 87 21 39 67 30 18 62 66 88 67 86 22 70 47 64 73 84 25 82 66 28 19 67 83 22 20 55 26 23 72 71 43 94 90 78 13 37 10 42 34 4 53 61 79 30 75 92 13 2 16 77 72 42 26 50 31 26 75 98 86 24 55 76 67 86 18 95 45 43 23 51 55 90 97 4 91 14 43 31 
62 15 0 17 36 1 80 76 21 14 28 41 33 3 80 17 47 73 52 64 72 68 20 94 98 22 32 10 7 37 32 70 28 84 33 42 78 6 10 57 85 17 52 57 17 23 56 44 67 41 22 72 34 53 6 35 98 17 45 31 42 84 0 0 71 47 34 73 21 57 99 29 45 53 99 44 56 65 5 52 72 7 70 69 51 25 56 58 90 97 47 58 52 60 56 65 45 49 97 62 
64 77 51 16 50 76 61 93 31 11 13 55 51 34 44 57 9 91 28 1 9 21 28 68 2 1 11 56 66 80 55 78 83 6 18 67 5 41 82 89 66 38 95 42 78 34 99 16 96 41 42 55 4 1 96 63 95 17 68 5 78 45 74 5 40 9 82 75 19 89 43 99 96 47 56 34 77 90 58 71 88 75 9 35 39 48 40 32 92 2 56 37 96 46 7 84 73 49 1 31 
51 91 67 47 84 68 91 61 57 42 90 87 19 57 88 27 78 19 59 45 10 71 78 94 63 44 73 49 71 60 87 27 37 12 45 66 15 12 26 28 68 53 88 47 92 1 69 54 19 95 14 44 99 29 3 19 72 10 80 39 4 52 34 86 71 16 84 40 24 59 20 8 0 45 35 33 98 46 31 46 73 46 71 45 84 26 2 71 95 90 92 71 5 84 83 79 63 98 99 96 
26 95 17 31 42 24 60 35 57 96 98 90 21 88 45 44 17 77 84 4 72 88 91 61 24 99 70 80 78 62 66 61 90 75 66 80 5 54 57 2 16 37 99 92 27 93 36 63 41 30 9 17 27 83 42 0 41 13 8 41 69 73 78 37 44 42 79 94 74 58 92 41 27 18 44 29 47 82 73 18 55 55 87 17 37 83 1 7 88 58 21 2 86 12 61 28 65 4 75 30 
37 65 89 72 78 78 19 3 87 70 46 74 36 43 65 22 69 6 48 68 44 55 64 1 32 48 76 60 34 15 85 45 91 48 64 20 73 68 19 19 73 88 42 16 90 99 98 45 21 38 22 85 74 89 79 27 30 92 94 63 43 43 20 36 73 59 91 34 19 45 31 83 13 57 86 10 72 79 50 82 26 98 40 14 90 80 50 87 14 82 82 45 79 14 87 10 89 25 50 10 
67 46 0 8 93 1 45 60 34 72 21 36 5 55 48 96 72 20 8 97 65 90 99 89 30 40 5 35 37 81 16 32 15 56 35 41 69 43 70 61 33 90 69 85 28 93 9 65 29 37 46 71 1 75 93 40 87 29 9 25 18 38 88 42 51 0 56 58 11 19 19 6 26 19 62 88 99 49 54 42 34 42 53 48 48 11 21 61 40 33 88 65 87 59 92 15 95 59 39 0 
84 61 38 84 19 7 5 60 84 25 57 63 28 50 63 37 70 37 34 31 74 87 86 70 15 95 67 15 20 73 20 66 30 16 4 40 91 24 40 93 91 27 34 10 54 20 88 60 75 64 25 73 52 93 39 46 79 98 96 98 87 31 35 40 53 65 60 37 1 72 24 16 7 74 45 42 89 6 61 73 28 33 51 14 13 83 29 27 75 93 94 74 11 61 32 49 0 9 86 28 
54 33 61 45 89 63 32 11 37 38 6 83 25 34 58 7 94 32 87 79 2 40 70 7 68 18 38 37 93 26 5 78 69 90 97 92 64 54 99 61 20 4 60 3 42 80 89 59 50 77 3 43 63 13 93 58 64 90 54 96 82 99 59 27 20 5 38 31 83 29 64 45 65 56 3 96 4 14 83 50 61 69 30 51 48 83 36 60 64 30 25 39 3 70 2 42 66 94 80 61 
51 55 36 67 18 40 12 24 10 59 88 90 11 29 69 72 53 33 29 3 86 84 22 95 8 84 35 2 6 53 91 78 35 85 38 24 69 91 32 20 6 29 83 92 33 32 58 70 80 11 53 63 86 34 17 62 21 11 74 9 9 16 25 28 21 7 44 68 80 24 7 5 57 58 71 41 88 11 61 39 10 38 29 8 73 74 7 97 12 7 91 70 49 91 32 65 65 91 95 45 
55 88 45 80 82 57 97 46 62 0 71 5 45 18 9 60 32 97 50 9 44 0 57 42 92 14 49 95 6 59 81 7 42 24 9 13 11 70 83 36 33 19 0 27 66 63 57 45 64 53 61 31 77 73 88 43 48 54 37 43 28 38 1 7 65 71 66 4 9 28 76 2 34 95 64 81 91 17 47 88 86 64 36 26 33 85 93 79 56 47 13 30 58 76 84 0 90 43 71 94 
8 57 11 20 63 98 63 0 94 68 32 98 32 63 30 0 66 10 73 89 2 85 6 80 61 61 61 57 87 9 39 57 84 94 30 68 40 85 8 30 76 39 67 57 43 62 32 88 95 75 17 92 95 20 7 97 85 89 87 29 91 76 51 43 95 78 59 66 59 96 86 39 20 28 51 59 94 92 23 90 47 92 15 66 43 5 63 47 92 97 50 64 69 54 99 32 84 54 77 56 
13 29 33 66 84 28 79 88 75 37 30 1 9 38 68 7 66 93 85 90 64 27 39 63 85 23 66 35 34 14 15 97 48 47 42 45 47 55 39 10 80 50 99 7 30 45 32 72 12 54 44 25 21 13 97 1 84 87 88 52 24 87 47 76 63 68 69 12 69 42 40 17 20 46 0 40 11 14 36 11 24 32 52 45 79 14 89 57 58 79 0 61 47 74 27 88 30 74 77 22 
61 2 60 91 21 64 43 40 23 14 67 55 85 30 69 29 57 69 96 91 2 32 99 1 75 76 84 0 19 81 98 58 65 96 19 45 26 60 67 43 13 84 69 78 87 52 95 52 66 66 10 27 52 99 12 28 11 96 36 44 30 28 99 8 49 94 72 73 38 63 43 13 63 79 65 44 35 85 34 49 33 75 57 33 90 1 20 27 23 88 16 85 44 10 9 79 53 25 80 51 
77 27 38 38 27 72 36 72 37 98 16 67 92 30 78 9 38 14 31 71 85 31 9 48 73 36 24 28 8 65 66 60 11 85 58 39 34 70 53 26 42 39 72 90 5 31 34 29 83 7 96 55 50 30 67 93 12 33 83 52 19 57 60 9 95 23 18 54 65 34 37 53 48 87 15 28 95 2 38 51 85 13 59 2 56 35 28 90 71 68 96 9 94 46 34 14 0 76 54 86 
83 94 87 49 99 46 86 30 12 84 98 57 14 7 77 96 56 60 21 98 91 0 98 79 23 29 72 8 69 47 21 4 95 76 52 46 54 51 95 22 17 20 66 7 81 54 69 12 53 82 76 10 8 4 56 2 30 56 75 59 97 39 25 6 77 19 91 14 8 25 50 46 71 4 71 20 21 37 51 97 67 62 44 81 49 35 18 55 18 83 72 68 77 6 28 55 45 56 49 20 
3 51 19 55 61 85 37 79 86 32 57 72 56 78 59 36 32 46 9 45 90 45 38 92 34 97 51 77 96 18 54 18 86 2 40 98 93 33 31 15 26 78 72 67 1 23 53 67 13 4 28 74 8 60 16 24 64 12 50 12 37 99 21 51 25 12 95 40 80 17 66 76 32 88 11 33 14 10 60 35 85 39 81 69 64 50 38 34 9 50 42 48 58 98 19 11 23 24 14 73 
74 30 96 56 81 13 87 4 89 22 51 15 44 28 7 88 18 27 56 97 15 79 12 11 51 1 28 22 52 72 60 49 72 31 71 54 26 51 94 85 78 79 63 11 52 7 88 56 59 74 85 53 46 20 41 46 80 98 49 32 91 47 63 26 84 58 97 57 97 76 11 89 65 28 80 77 11 69 25 40 72 66 29 9 2 26 44 84 8 2 51 55 29 66 22 55 72 89 91 92 
44 92 99 6 64 28 96 24 18 96 79 17 17 12 25 68 28 72 29 38 78 93 81 29 18 64 53 1 20 52 79 50 89 60 31 66 84 60 75 59 45 98 96 7 8 60 49 16 78 13 3 83 86 2 64 61 11 62 48 36 45 84 62 95 62 65 70 75 27 79 20 78 26 50 94 79 68 14 9 84 37 40 13 38 35 60 28 63 95 44 58 26 85 95 88 82 65 13 15 43 
82 30 76 11 31 72 29 88 27 25 16 8 45 1 81 32 40 85 58 57 83 7 64 80 84 82 41 61 67 96 97 6 86 44 54 51 77 90 20 37 7 25 76 9 74 4 9 49 88 88 60 57 83 35 68 68 88 23 51 47 45 29 3 1 49 0 15 69 56 9 62 93 69 90 65 93 53 83 59 60 23 82 65 61 85 42 81 92 59 86 10 65 68 64 8 23 4 4 11 6 
5 12 72 74 59 40 43 52 75 81 57 54 20 88 70 10 68 73 50 78 87 26 56 44 80 77 47 54 55 8 78 40 70 43 76 36 56 63 33 35 22 64 49 57 39 89 91 18 32 16 52 30 49 40 19 82 92 98 20 17 19 86 90 25 96 32 91 28 34 44 42 79 37 33 62 57 62 87 43 6 47 20 17 75 44 55 54 37 76 21 82 5 90 62 57 83 1 31 83 34 
26 52 88 69 12 42 46 88 22 75 40 45 39 61 91 36 22 87 48 4 95 94 57 11 89 89 70 26 7 53 12 94 27 59 55 57 20 11 33 98 41 44 4 32 86 89 33 89 82 0 40 99 8 23 66 9 88 40 28 21 97 61 7 76 23 35 2 70 62 76 95 46 2 7 86 67 29 89 66 34 75 33 19 65 7 81 23 25 38 9 31 14 92 69 23 80 60 27 20 11 
32 88 34 66 19 79 42 2 98 2 67 73 14 9 95 5 68 86 3 7 18 86 26 52 47 65 2 43 73 70 51 84 21 53 30 68 70 84 54 73 33 59 91 17 96 85 50 8 93 2 36 0 19 20 4 70 12 57 95 69 85 77 85 30 93 93 11 83 18 86 90 16 54 80 84 56 50 61 96 41 17 27 79 89 56 7 67 52 79 7 49 78 3 48 95 86 97 19 63 68 
57 8 49 60 53 15 42 39 12 73 68 20 70 54 23 74 65 77 6 51 19 44 31 77 85 52 19 24 47 75 26 87 43 87 20 56 65 12 90 29 76 44 67 46 53 15 74 28 31 47 44 53 14 95 63 73 2 51 50 98 4 32 90 21 62 93 57 99 73 63 8 26 87 28 21 28 59 52 18 75 1 17 11 94 96 71 65 24 83 97 93 68 73 0 81 15 61 50 94 42 
44 72 52 8 84 88 47 31 77 27 42 8 96 39 42 44 54 95 86 33 9 25 75 5 19 11 12 67 82 40 48 11 80 30 90 70 39 67 52 88 65 86 66 4 66 65 92 45 95 47 70 14 68 18 91 37 32 35 38 35 80 54 8 73 14 29 18 76 17 88 34 84 49 86 48 46 90 47 18 96 13 87 53 42 67 13 51 56 57 63 96 76 37 42 99 59 50 20 8 61 
24 30 34 93 20 95 94 81 84 3 86 16 79 68 63 59 50 81 44 1 29 76 56 34 43 86 40 92 19 23 3 90 98 58 74 53 71 43 17 49 78 21 69 90 15 65 52 67 59 94 15 99 37 96 42 22 62 27 59 5 15 9 46 1 16 52 11 86 51 47 74 56 15 17 99 56 96 98 27 69 93 64 77 84 5 16 31 36 6 21 80 34 8 10 5 42 30 99 13 11 
91 87 10 52 83 65 75 49 94 5 8 52 82 88 96 46 43 63 45 93 50 48 72 95 32 97 89 49 57 75 60 51 10 20 24 95 73 29 96 73 31 54 3 97 15 64 52 64 43 4 60 33 17 54 71 68 13 40 86 20 86 43 47 53 24 31 12 63 32 87 88 97 69 19 93 15 37 91 35 90 94 23 70 59 12 5 51 77 58 10 52 35 7 55 66 74 63 50 41 98 
57 93 53 97 41 43 41 36 72 14 28 11 13 46 68 0 84 52 29 76 54 63 59 23 0 77 57 51 14 32 72 81 83 66 51 99 32 27 82 92 49 16 16 69 19 91 54 49 53 58 72 42 9 82 76 97 14 88 18 8 74 1 5 40 52 89 9 28 8 46 61 7 70 74 11 67 72 95 57 32 73 2 7 65 24 25 0 56 23 89 41 8 2 39 28 37 84 40 7 46 
70 44 9 11 7 68 49 4 87 22 83 6 47 70 8 47 21 83 41 13 94 34 33 82 33 44 10 7 28 87 18 33 55 98 10 98 34 38 2 91 9 67 56 3 14 95 28 73 99 6 23 17 35 75 72 10 23 96 60 77 82 33 89 65 94 40 28 99 53 1 60 50 31 96 76 24 59 60 14 30 85 65 21 60 52 30 39 3 13 56 71 89 80 3 62 53 31 2 44 51 
93 84 72 20 31 22 10 27 71 78 13 95 15 5 47 81 0 28 17 77 95 33 58 32 33 34 99 21 57 84 55 6 71 77 61 69 83 0 60 30 22 79 20 44 88 5 47 13 40 13 37 67 53 39 35 45 51 92 87 35 96 84 15 56 99 93 58 9 37 0 58 93 99 86 16 76 97 51 90 97 72 56 92 34 99 80 0 64 42 15 35 71 69 78 97 37 67 16 9 52 
89 66 74 81 36 22 18 71 73 55 41 60 39 45 80 52 88 59 96 61 18 4 61 2 12 93 5 54 85 24 38 69 72 29 5 93 19 0 30 37 9 48 31 7 38 22 12 90 99 90 77 43 75 46 37 49 54 73 69 95 38 46 53 44 80 35 86 16 86 46 20 8 0 89 84 33 24 7 67 24 55 0 9 41 8 74 60 95 89 96 3 31 31 59 99 71 4 71 36 42 
98 77 90 73 27 73 14 93 62 29 29 53 37 6 58 48 90 32 34 79 17 80 39 21 29 83 6 9 94 30 25 44 59 75 75 94 45 8 39 42 69 36 55 19 83 54 26 51 90 29 21 59 66 77 16 6 45 54 77 69 97 23 3 61 74 0 93 3 58 2 72 25 70 1 71 96 63 6 76 69 84 45 19 10 34 40 2 91 12 39 92 39 95 48 64 14 98 98 88 30 
39 95 30 7 10 26 3 46 96 63 79 92 70 65 0 95 63 98 30 11 58 66 31 97 20 93 54 41 62 18 19 4 96 65 12 73 84 45 77 49 13 72 30 50 67 55 81 98 91 25 9 21 42 79 39 36 77 15 10 62 84 12 79 89 62 29 44 63 77 6 99 19 89 37 30 51 55 73 11 42 24 92 18 97 47 59 1 30 75 32 2 35 28 26 27 22 40 54 23 98 
94 56 74 26 91 40 88 25 55 50 51 2 64 26 61 42 40 75 99 18 36 28 48 95 9 14 13 74 96 56 49 80 87 57 19 83 80 50 6 1 90 29 86 57 72 58 3 7 29 75 41 73 37 19 15 83 83 34 39 50 38 58 83 71 91 71 91 60 62 37 21 91 54 42 81 34 7 71 27 31 74 89 54 66 61 49 16 86 82 97 84 76 98 9 38 8 88 88 42 14 
43 40 63 64 40 45 59 55 84 72 3 10 43 88 17 39 10 87 49 72 34 44 96 24 4 47 99 81 39 17 4 26 84 88 41 30 37 45 86 49 24 6 2 20 52 43 33 66 35 14 59 93 38 84 81 3 84 50 98 75 21 84 34 78 59 98 80 11 33 68 30 66 83 76 56 55 33 41 30 84 56 53 55 87 88 75 74 28 4 64 91 26 58 71 41 87 16 23 27 16 
8 24 0 17 46 92 30 35 92 56 11 79 69 85 99 68 63 91 75 7 42 3 77 54 82 93 81 45 10 68 73 10 26 31 53 5 86 73 39 9 74 63 23 90 91 71 13 92 16 69 19 92 13 58 25 71 90 2 4 59 62 89 88 69 97 35 69 8 0 50 89 11 47 54 44 60 74 91 38 94 23 69 45 30 1 95 28 25 37 70 57 70 94 50 34 29 44 76 19 83 
69 82 98 97 44 89 63 97 77 20 48 56 55 72 84 2 87 4 85 7 97 15 80 48 24 52 43 54 53 3 67 15 45 87 38 67 8 34 79 63 93 83 52 7 14 51 69 26 20 45 99 29 64 79 44 89 36 32 51 73 27 32 17 85 60 56 73 82 67 43 25 46 62 23 17 76 92 68 40 45 65 85 34 50 59 69 10 63 77 53 79 90 89 86 22 53 96 17 54 73 
23 87 61 82 7 69 81 60 3 1 67 2 49 18 8 28 85 93 38 21 45 58 87 90 7 88 70 64 63 74 80 87 6 72 47 83 74 24 97 84 32 5 88 35 69 3 33 37 62 41 59 65 73 42 77 47 14 37 47 66 77 80 48 71 42 86 3 18 98 56 40 93 7 17 1 9 46 97 37 50 80 31 42 46 10 64 38 75 35 86 83 72 2 21 93 23 16 64 1 28 
27 5 41 89 30 50 43 93 7 63 79 7 33 37 42 0 36 74 69 34 37 8 91 43 45 0 64 45 28 36 23 58 80 79 94 64 25 69 6 80 2 37 10 92 85 28 37 50 89 4 79 60 4 34 9 88 7 1 74 8 4 90 94 93 41 56 91 35 22 35 38 48 20 98 68 54 9 24 45 80 54 4 72 51 55 84 85 35 90 91 32 4 34 31 24 90 3 48 78 23 
16 99 91 69 12 22 40 84 51 59 79 84 13 92 12 16 96 91 90 36 3 5 38 79 77 58 95 22 86 26 97 58 50 94 61 82 88 24 99 47 42 29 63 53 56 48 74 41 70 26 68 1 81 24 39 8 25 16 90 30 45 46 96 44 97 67 87 93 49 73 19 32 14 68 32 32 37 14 9 78 14 64 43 25 9 90 11 0 24 22 51 19 75 89 21 6 60 65 39 68 
38 52 6 31 52 60 76 5 37 98 28 51 2 42 89 22 21 33 90 99 38 72 12 2 24 3 85 11 78 85 36 47 16 76 99 23 93 29 96 3 97 33 5 49 46 19 89 45 3 51 72 19 98 57 16 41 12 90 38 43 19 60 28 21 51 44 82 78 72 77 89 57 90 58 13 60 65 76 50 97 63 72 97 39 48 11 95 41 13 67 47 46 16 27 84 96 48 17 25 36 
18 72 16 57 39 64 36 65 92 22 96 66 46 93 43 41 83 33 0 58 53 18 51 44 6 25 90 34 15 76 86 13 61 69 46 38 35 97 58 5 60 34 27 36 38 90 9 46 70 35 65 6 31 77 4 55 46 78 22 72 50 8 12 60 86 57 31 60 75 3 92 55 59 59 23 70 45 87 52 70 90 64 66 90 0 77 28 37 37 18 26 42 85 41 20 62 65 49 36 30 
10 17 71 78 9 69 67 90 26 36 60 82 92 25 15 93 77 70 26 18 35 6 54 27 31 26 52 70 99 5 15 37 33 70 23 3 23 72 50 19 94 49 3 67 64 88 96 36 59 39 3 17 58 17 73 76 50 20 29 13 30 25 31 67 22 7 96 91 85 16 34 63 46 18 16 80 83 53 77 25 47 23 83 46 90 85 56 3 14 54 10 92 90 64 82 15 1 97 19 47 
69 83 66 56 0 52 41 89 96 77 96 62 28 4 63 84 88 35 97 85 30 23 36 38 17 42 96 53 56 49 84 90 31 0 19 37 61 88 26 5 29 79 52 76 36 61 32 84 86 37 81 74 86 48 2 59 92 79 63 10 92 38 78 69 47 68 27 38 94 61 75 54 25 36 8 49 32 4 16 90 87 8 7 26 29 41 94 32 47 12 40 81 67 92 68 32 10 98 76 70 
48 68 76 83 34 31 50 94 50 35 8 24 55 65 4 86 32 23 90 34 0 75 87 45 66 40 69 82 61 99 23 74 56 89 50 60 47 61 14 78 34 29 64 66 51 77 81 70 49 77 24 22 87 43 66 8 99 96 71 11 62 64 21 8 76 96 11 47 75 69 61 68 63 75 55 14 15 97 42 76 63 35 38 3 7 87 74 54 89 19 17 78 51 29 39 1 14 17 52 79 
97 59 89 10 32 18 16 92 71 45 34 70 59 29 34 86 33 76 94 92 74 59 84 64 97 0 32 90 77 53 12 55 50 49 68 0 2 74 66 50 38 69 78 86 29 15 83 33 23 30 70 0 87 91 16 64 46 49 84 87 85 8 28 18 69 86 0 75 72 91 1 9 82 63 49 88 6 48 8 18 94 45 34 78 32 69 48 73 94 14 9 19 51 24 98 82 30 30 5 49 
97 57 15 70 28 1 74 15 84 72 23 97 14 75 48 75 90 48 15 14 48 84 25 97 40 40 74 12 45 54 82 68 35 71 53 80 55 26 98 32 20 28 30 80 23 18 3 62 85 44 47 26 94 89 93 66 29 47 51 53 43 71 19 7 20 10 72 83 94 28 35 77 90 69 66 5 29 51 64 30 72 36 93 75 98 57 48 96 30 16 0 46 69 46 5 29 95 17 57 14 
60 28 85 52 5 68 80 17 72 60 49 11 11 31 29 42 58 82 31 96 74 53 89 5 20 38 99 74 41 68 54 67 46 28 80 1 94 6 56 11 68 81 10 89 37 83 14 82 90 58 17 84 0 77 0 81 63 47 87 69 25 87 40 0 96 42 5 79 1 78 60 97 41 59 52 55 67 99 8 20 74 91 88 43 59 32 15 35 56 91 87 33 39 47 7 58 59 18 25 86 
78 39 13 46 44 89 38 33 0 81 41 52 26 95 85 95 92 75 72 96 4 80 75 83 50 51 61 21 77 94 1 48 87 94 39 99 11 80 46 74 30 23 0 9 79 42 54 9 10 29 10 2 86 41 51 58 42 64 39 54 11 79 71 35 61 64 59 64 47 11 27 56 12 37 28 98 1 34 88 33 1 6 5 38 55 33 61 72 38 59 68 99 53 10 93 48 50 70 23 80 
44 15 64 59 73 10 26 41 50 80 78 55 16 0 77 54 84 0 79 21 50 93 36 7 37 19 74 48 11 17 80 46 9 77 50 91 94 75 43 38 59 3 29 13 73 84 5 98 76 70 96 55 97 60 60 67 76 6 58 49 43 90 10 31 90 47 90 3 14 29 69 51 15 25 26 4 9 57 13 98 1 75 93 51 44 18 61 83 41 56 6 77 86 60 39 97 26 24 50 60 
84 96 96 55 6 15 78 98 11 15 79 47 52 14 15 88 29 76 67 10 53 42 88 13 1 80 65 51 79 48 34 60 92 15 27 8 64 92 37 11 44 23 0 52 56 55 76 84 52 59 28 78 80 79 38 64 96 95 94 3 6 97 52 27 52 52 63 29 26 45 89 12 58 27 15 95 76 44 67 58 23 8 64 27 45 19 82 23 84 51 2 54 34 31 7 77 21 70 71 58 
63 23 11 79 22 22 81 43 44 37 84 28 9 82 87 29 96 34 57 13 28 71 66 88 79 16 58 33 20 47 54 37 17 93 27 18 98 20 43 15 1 33 10 66 46 37 15 75 41 90 12 55 76 13 5 30 13 66 48 25 71 93 14 42 49 62 20 53 86 45 0 5 81 87 99 35 58 96 25 27 26 59 74 53 43 34 41 84 38 46 76 41 75 12 67 46 10 78 31 79 
92 28 44 32 8 24 59 75 3 91 71 52 97 55 31 86 31 96 42 96 12 62 10 47 17 0 10 83 84 38 28 59 21 97 45 96 24 8 67 11 23 29 72 92 97 73 20 62 21 59 76 0 66 39 83 4 19 29 23 85 9 84 31 41 35 18 60 96 82 56 68 92 62 21 10 51 66 5 27 14 63 60 58 65 12 38 99 97 33 27 89 81 95 67 26 57 58 42 46 86 
80 38 52 95 0 44 60 29 81 0 52 66 13 1 22 5 2 38 95 17 88 65 16 20 41 88 76 46 92 82 84 39 57 95 6 44 88 55 7 69 87 94 45 76 48 79 89 82 21 20 65 87 27 20 90 76 29 22 81 52 52 71 26 79 48 51 85 64 31 80 51 57 79 2 94 48 27 1 26 41 97 65 65 73 17 79 21 92 6 36 6 52 27 7 89 4 77 67 21 94 
40 55 48 27 8 80 41 19 5 40 50 58 24 42 4 65 0 91 42 43 79 53 20 82 75 71 1 10 76 90 17 17 57 98 77 66 73 78 54 23 90 83 38 65 20 69 56 46 17 52 30 96 47 53 22 99 53 27 39 63 96 91 27 74 81 45 84 4 38 43 49 21 51 99 87 89 59 62 26 14 98 73 82 44 48 50 4 14 81 22 14 81 34 41 56 55 49 71 7 21 
45 91 8 26 81 21 36 62 4 52 90 5 61 90 14 53 88 49 92 80 50 36 6 8 89 55 44 18 38 65 86 6 81 6 90 65 30 8 97 54 9 81 75 45 41 83 47 16 33 29 13 7 40 89 4 8 73 41 46 4 93 83 11 96 20 80 87 23 25 13 71 63 18 91 96 13 60 75 52 59 66 92 62 36 48 16 96 69 68 99 76 3 82 26 91 69 83 79 5 94 
31 19 64 51 3 65 58 98 33 29 49 22 59 72 42 67 94 47 19 31 66 71 94 11 66 91 21 79 50 14 46 48 40 94 85 2 49 23 39 1 68 57 31 99 75 87 88 46 64 71 68 44 65 26 9 12 20 40 54 63 40 19 4 7 7 31 2 51 75 1 2 6 96 69 27 8 94 20 75 30 44 83 42 82 15 45 92 44 33 72 13 86 86 4 34 76 88 54 81 10 
94 92 33 71 30 92 24 58 19 19 12 45 0 48 52 19 20 24 91 79 28 35 18 34 50 15 21 16 34 65 81 86 79 32 95 32 9 27 73 74 76 1 84 78 93 7 79 46 49 27 78 84 36 91 95 81 32 49 23 12 40 4 2 23 34 33 44 72 27 50 96 70 64 28 98 30 51 5 36 55 37 25 75 61 28 6 71 82 59 85 63 62 37 24 81 62 25 55 30 29 
11 83 11 2 54 10 29 17 70 27 57 65 43 73 67 42 25 58 66 81 37 27 59 42 32 12 57 93 83 58 73 37 8 45 64 87 28 78 77 41 51 98 93 11 82 3 68 44 32 63 56 13 27 17 40 46 99 68 28 95 69 62 83 0 72 74 62 27 70 24 52 79 67 14 24 13 95 74 56 70 77 66 77 96 36 61 93 56 7 71 46 36 6 42 57 26 85 29 26 99 
74 38 39 73 23 11 79 55 55 9 30 99 45 16 23 98 96 43 13 60 31 42 16 30 48 95 69 91 90 17 96 85 11 35 69 3 77 40 18 18 69 23 42 20 53 13 29 64 37 96 54 26 14 10 69 62 17 92 66 86 48 16 95 71 34 58 11 52 40 52 93 79 42 94 60 76 7 28 76 89 55 63 86 39 12 46 94 60 31 64 44 89 75 87 38 21 32 37 89 2 
56 80 81 60 26 92 17 60 64 78 9 40 24 19 61 7 31 91 77 59 92 1 66 62 40 95 83 10 31 3 79 67 79 68 7 75 32 4 44 67 71 43 69 44 30 26 43 18 43 88 33 79 6 79 99 69 87 12 23 67 90 37 39 76 78 19 48 83 10 80 56 60 11 96 63 81 10 73 15 10 47 97 42 37 70 99 38 4 75 24 56 83 10 57 78 88 48 7 59 70 
32 19 66 5 97 65 0 86 89 80 11 59 18 80 31 22 64 43 46 93 50 90 18 3 45 72 19 9 5 80 20 54 7 44 47 93 63 10 8 90 84 44 90 24 28 68 28 87 46 78 17 74 85 87 66 91 3 18 33 58 56 6 24 40 78 14 30 1 78 62 24 44 44 50 1 76 37 67 2 30 96 65 19 43 89 37 32 89 1 92 34 87 58 79 8 45 43 27 5 72 
41 3 58 39 11 23 0 37 92 64 43 88 97 38 52 58 80 39 1 17 76 18 70 57 35 41 11 7 59 63 87 92 2 49 41 47 11 47 64 58 71 76 72 33 19 65 63 74 55 46 94 60 4 25 19 43 23 60 40 92 79 80 64 29 4 96 62 39 79 68 13 94 34 47 72 76 59 8 45 29 81 39 90 9 55 63 25 24 74 77 8 91 52 5 97 29 64 41 37 9 
21 17 73 19 85 66 79 63 90 74 10 53 63 64 97 76 46 27 50 21 54 70 8 47 57 68 21 94 19 87 22 3 95 99 74 31 41 63 53 65 42 18 85 21 93 77 16 82 81 50 35 1 13 68 34 75 22 47 46 94 85 68 41 70 36 88 90 58 13 85 4 98 47 86 21 2 87 17 3 74 52 80 44 93 72 8 14 77 52 66 41 97 31 14 52 92 14 19 97 88 
37 27 86 77 85 75 14 99 60 96 67 84 2 83 25 30 44 16 46 65 9 78 50 70 86 12 93 83 7 81 92 76 19 78 61 46 26 17 44 33 65 19 15 97 53 35 16 34 56 73 19 66 47 67 4 49 18 37 91 97 61 98 94 16 94 57 48 12 56 51 96 37 44 16 23 1 9 79 64 5 72 59 10 84 67 26 41 91 11 84 31 37 25 19 90 21 59 29 69 98 
11 28 3 35 52 46 79 87 0 18 39 23 82 67 26 71 26 92 80 77 3 69 23 98 77 54 28 72 94 90 0 40 89 98 68 72 14 66 1 52 82 35 98 99 10 78 39 22 76 85 52 49 31 94 97 99 35 68 6 82 24 76 77 58 1 20 18 84 55 79 46 84 60 59 12 68 21 78 9 47 41 22 72 41 56 82 31 12 41 44 30 43 93 56 89 30 18 4 91 79 
5 72 41 70 33 34 52 13 53 97 75 31 60 66 74 12 90 48 19 93 29 53 92 65 37 43 77 91 34 93 16 52 27 78 9 8 93 67 52 75 81 93 16 99 45 41 0 8 66 49 36 59 50 97 12 72 84 70 70 23 73 2 70 23 19 92 24 19 76 55 14 20 17 36 50 73 11 87 70 73 68 40 17 8 51 89 15 39 59 1 36 24 88 72 55 97 90 82 47 91 
19 94 17 38 60 3 87 1 17 40 70 82 31 17 33 67 70 14 14 41 70 76 3 9 50 51 97 74 44 41 84 60 2 69 49 83 59 49 70 27 70 24 75 64 22 67 55 50 80 22 83 75 40 13 5 1 14 17 98 19 48 44 52 7 39 13 8 59 16 39 57 76 30 91 61 38 53 50 76 24 10 96 1 30 48 55 88 27 78 30 59 33 30 11 72 4 94 8 56 74 
55 29 56 16 66 42 43 77 17 48 85 6 78 79 28 8 47 11 21 84 16 87 22 13 16 64 36 42 65 93 93 14 74 84 14 88 22 10 12 6 96 49 66 88 68 1 8 21 15 52 72 32 47 90 64 40 44 34 57 42 36 3 73 84 69 0 52 35 52 42 31 34 88 27 90 76 7 6 70 25 76 9 73 11 96 57 72 47 4 45 82 21 20 35 25 37 32 54 98 71 
22 13 7 81 83 73 17 7 97 58 96 24 80 40 63 74 0 77 52 96 64 62 54 97 90 89 65 51 18 82 80 61 39 77 57 35 5 10 64 52 3 49 73 56 76 4 56 39 13 93 99 81 67 58 47 5 35 8 20 38 57 33 92 63 6 75 33 39 44 68 68 11 32 64 12 45 38 23 9 60 56 69 31 57 6 9 26 19 99 76 86 61 2 55 89 15 96 6 52 66 
23 83 80 40 6 98 39 27 80 9 77 82 47 17 93 88 62 3 66 51 10 29 50 56 32 19 58 94 2 91 3 21 87 31 96 97 35 39 38 58 91 22 93 26 65 40 53 72 37 82 65 25 2 58 24 12 96 12 12 7 81 70 74 35 31 2 77 81 62 76 34 25 72 22 61 56 77 88 98 14 92 18 99 29 74 62 12 23 16 48 86 37 9 23 71 35 78 28 31 79 
47 49 7 10 84 9 77 14 14 51 24 77 16 11 48 21 45 86 66 11 27 73 60 11 16 9 19 56 87 63 59 37 88 29 33 36 36 24 39 30 70 23 4 3 96 21 3 81 39 46 47 52 18 79 48 42 28 80 39 92 45 72 84 55 96 66 1 91 60 9 29 10 30 98 38 62 82 44 0 84 48 77 85 12 63 29 3 61 72 5 13 31 90 5 3 20 42 56 66 30 
14 28 19 29 73 71 75 40 82 60 20 7 28 27 34 79 32 54 67 38 82 70 98 12 33 0 92 53 73 84 53 3 11 14 76 33 17 47 58 7 62 66 56 66 59 86 68 41 70 23 25 4 27 6 76 76 77 21 72 33 18 87 13 54 80 36 69 28 45 18 66 36 76 79 34 96 80 76 75 25 66 61 57 32 60 71 29 80 70 45 15 91 26 53 79 16 60 82 18 78 
44 58 25 6 20 74 69 95 63 72 35 22 76 86 52 4 20 11 4 5 54 35 89 9 92 57 68 82 99 90 79 71 65 44 23 17 21 11 47 6 34 39 36 54 66 4 26 73 99 90 56 87 32 83 37 27 1 95 44 84 11 25 40 88 73 10 35 16 21 82 18 5 93 45 56 54 48 64 31 24 63 21 57 56 12 25 67 90 96 21 20 9 15 35 83 67 84 77 2 69 
48 35 52 98 73 90 68 0 9 95 93 69 73 34 46 92 38 56 60 40 28 98 37 86 95 9 13 72 42 96 42 36 21 72 71 2 12 60 92 20 35 98 12 42 3 67 4 7 17 87 48 44 92 88 50 74 5 47 78 49 70 0 64 42 65 42 47 19 38 99 4 7 25 67 48 49 51 18 60 30 14 16 55 53 27 1 96 26 27 35 79 56 34 72 41 29 19 85 40 29 
63 61 40 51 3 69 9 42 34 39 69 93 43 96 25 79 28 81 97 52 47 17 4 53 47 54 41 27 29 25 80 69 42 90 52 53 6 60 91 65 20 23 60 42 67 26 17 10 54 39 4 57 5 74 87 66 27 82 44 8 78 44 54 12 92 62 55 11 75 77 34 28 0 86 89 64 13 29 76 87 83 54 61 17 38 84 47 54 42 44 54 65 39 12 12 66 57 90 77 78 
89 82 18 14 90 31 15 31 32 9 73 90 57 69 5 22 77 51 15 42 10 39 55 35 52 6 92 6 7 44 10 21 1 34 77 8 5 84 70 75 48 69 31 32 59 49 77 78 2 93 57 92 77 14 39 60 78 48 19 20 35 52 19 0 14 36 82 58 0 66 20 15 89 20 23 84 3 3 44 88 21 94 13 36 72 32 43 9 7 2 43 36 30 76 70 17 21 48 61 31 
19 83 38 76 80 33 42 55 84 61 62 5 65 38 67 35 56 18 65 14 85 51 71 12 84 31 98 43 5 73 69 76 29 37 39 65 34 56 56 54 65 23 41 7 57 39 76 63 3 32 88 63 37 28 17 25 89 34 21 34 32 97 28 30 65 14 73 51 60 66 25 52 75 49 98 83 53 89 33 13 87 41 82 12 43 0 8 34 42 11 44 84 14 62 24 62 35 10 5 54 
13 79 48 56 16 33 57 29 68 99 23 26 72 83 60 0 11 45 16 77 3 4 34 46 28 80 35 36 92 99 54 47 13 97 65 62 5 13 69 97 1 71 9 51 76 89 22 10 37 44 86 61 16 86 23 22 61 24 27 52 0 21 66 98 67 48 82 99 68 36 93 27 89 4 64 10 67 53 52 80 9 18 95 84 21 77 56 54 80 64 54 40 17 24 18 33 14 26 16 82 
99 77 44 14 72 12 68 31 28 85 68 31 21 3 11 99 47 32 23 52 83 25 76 93 80 22 96 80 11 76 70 94 17 81 89 60 98 0 24 35 76 97 75 62 44 49 47 98 20 41 26 63 47 53 2 6 31 45 82 94 75 21 41 30 13 74 30 73 97 49 55 45 41 31 70 14 18 95 87 88 78 59 87 42 31 7 84 42 50 42 87 82 36 15 89 69 98 76 81 66 
5 66 29 79 31 63 79 80 1 0 0 71 30 30 69 44 98 28 73 38 65 49 19 6 26 97 31 86 19 1 56 40 91 47 72 71 30 58 82 97 47 82 93 49 41 17 84 25 42 22 65 97 32 55 28 51 90 43 27 48 45 45 89 43 25 75 3 82 20 4 6 7 90 78 41 46 2 99 68 42 66 91 97 52 43 41 86 97 26 83 17 86 13 79 99 7 34 69 74 76 
65 38 95 94 83 63 90 13 96 5 6 6 5 13 29 75 3 40 69 46 30 64 3 15 86 87 74 46 43 5 0 99 31 74 66 60 72 41 79 4 2 0 24 47 44 38 14 89 18 22 82 47 62 68 73 94 95 29 98 31 8 54 89 48 6 71 0 29 41 13 10 86 42 63 51 27 97 89 1 87 69 76 19 74 32 5 10 76 97 22 71 89 42 31 47 38 92 57 90 3 
82 22 89 24 75 18 24 22 94 91 15 73 23 11 48 37 87 67 64 3 15 79 71 88 0 7 91 78 49 22 26 23 47 43 87 14 35 43 24 89 19 80 60 76 78 53 28 72 50 0 26 4 46 20 41 36 95 99 49 84 56 2 47 89 96 85 13 93 81 10 42 49 20 47 41 97 69 59 43 22 18 78 60 47 31 64 80 36 67 10 62 80 51 79 36 5 79 81 6 69 
20 13 42 67 35 93 94 54 27 89 20 33 27 73 56 15 83 60 56 98 33 46 26 68 2 47 69 20 6 62 30 27 30 14 20 66 70 30 53 12 17 69 13 41 33 33 74 85 65 36 20 34 20 97 28 77 3 38 11 17 19 53 72 71 91 75 54 41 84 80 10 68 46 41 80 39 94 8 50 34 87 60 7 73 64 44 50 87 33 40 34 32 51 62 49 33 22 14 35 10 
24 92 93 39 4 89 2 16 79 64 40 16 98 69 53 85 99 88 23 41 38 67 48 39 81 12 24 97 24 30 14 20 53 13 77 52 85 37 52 63 74 53 33 86 93 38 48 67 56 38 20 92 67 38 89 52 71 81 50 78 28 11 3 72 29 59 15 72 65 7 87 15 70 81 20 58 37 88 63 99 76 17 25 93 80 59 3 28 79 53 92 55 15 46 91 1 87 82 20 57 
56 0 41 33 70 91 10 66 86 24 5 91 71 16 76 94 42 16 90 46 76 7 89 31 7 71 22 95 3 0 79 15 86 79 60 82 59 30 4 33 61 92 51 10 21 52 93 45 7 44 33 40 63 56 68 47 12 62 54 31 29 23 46 48 43 78 11 7 94 89 56 79 64 45 0 56 63 75 87 54 22 45 20 73 25 28 30 43 34 84 19 26 13 75 8 68 31 92 26 96 
7 44 55 74 78 66 68 25 0 71 74 19 48 73 67 57 79 92 72 50 55 11 98 86 59 25 29 65 88 64 75 71 54 53 11 91 31 64 94 12 33 5 74 35 7 34 68 4 96 70 73 20 96 28 20 57 11 60 24 49 86 51 44 98 85 12 73 10 93 9 37 36 30 46 30 96 51 91 25 74 44 35 25 54 50 1 89 7 92 44 89 73 45 20 40 30 20 95 17 60 
92 40 66 30 32 36 15 76 44 99 82 18 38 75 51 85 87 74 40 68 33 39 78 40 52 15 55 71 16 83 35 57 23 62 30 92 5 41 24 89 80 41 73 22 98 75 28 3 75 51 53 6 10 83 8 71 97 89 14 36 52 89 55 40 59 85 76 8 79 18 22 90 34 46 50 32 29 78 63 91 78 13 42 83 29 45 79 78 89 49 54 68 27 99 37 61 45 41 82 75 
