100 100
9 62 12 87 14 37 71 45 10 29 45 82 79 85 59 94 51 22 6 48 62 83 75 10 33 79 9 23 16 89 93 13 41 9 12 18 65 86 56 38 78 37 52 79 92 44 84 9 82 52 48 29 4 53 99 58 12 47 65 56 24 15 88 3 50 65 93 25 66 40 71 69 45 14 22 41 88 62 32 51 82 31 77 10 18 61 50 36 79 31 10 99 59 8 42 68 85 89 30 66 
40 53 95 61 32 81 25 74 73 81 85 90 35 77 24 29 32 90 80 15 70 53 13 94 91 55 55 93 79 5 48 17 24 97 0 66 66 72 77 4 56 17 65 29 84 99 41 86 80 23 20 90 38 88 54 8 59 2 67 47 67 77 25 54 0 75 50 38 54 92 24 87 4 98 57 70 6 62 7 11 78 26 47 25 44 46 85 34 24 22 18 60 18 1 0 94 86 96 24 70 
99 53 52 27 21 22 16 94 9 77 5 79 80 55 11 51 16 14 85 31 46 28 87 16 22 97 3 51 20 31 35 98 23 56 9 62 40 84 57 86 25 7 47 91 62 62 92 76 28 62 63 2 51 14 34 11 87 26 47 63 40 33 2 98 25 8 21 50 83 15 24 18 46 74 16 30 8 26 8 55 35 33 56 5 40 88 45 3 0 10 16 34 33 29 49 18 39 89 35 31 
54 26 10 96 35 83 15 82 61 6 65 56 95 49 72 49 15 59 31 90 37 74 1 38 98 99 72 76 56 35 34 72 89 28 58 4 59 68 89 40 98 86 13 90 7 61 73 1 0 65 69 56 51 18 28 75 63 45 99 45 14 26 65 58 80 87 89 57 55 95 46 7 39 32 85 43 20 56 75 55 24 39 92 19 83 60 30 33 6 38 8 79 2 9 22 80 9 75 17 6 
65 92 93 38 25 6 1 69 87 4 40 77 7 5 92 15 76 45 57 13 61 85 92 20 45 6 51 1 4 26 3 23 29 38 75 80 83 83 48 3 21 38 70 58 72 58 17 23 80 2 62 36 10 96 35 16 13 10 31 12 98 7 65 75 77 38 84 4 60 76 69 25 3 87 16 46 30 91 97 11 46 93 60 64 16 0 29 22 84 29 68 23 41 22 58 63 88 8 62 50 
61 13 2 43 78 61 81 63 26 45 53 4 65 88 16 1 20 68 13 73 8 95 81 22 8 73 17 71 43 46 96 5 96 57 63 83 82 19 77 80 97 96 19 53 56 80 12 69 50 36 30 60 64 51 19 98 39 57 12 57 79 22 94 40 30 70 39 83 78 91 3 68 83 74 63 45 68 4 51 81 3 57 62 56 53 37 52 67 95 21 41 40 1 98 13 26 57 54 96 72 
90 43 66 14 39 13 19 33 84 71 55 1 94 41 39 15 74 84 76 48 18 92 17 91 63 72 26 15 48 51 93 73 71 26 1 28 60 15 56 68 37 50 82 20 35 73 17 64 98 84 62 25 6 87 91 77 30 98 51 5 31 75 4 79 96 36 99 34 98 47 64 6 18 9 88 88 17 46 13 65 75 66 61 0 34 17 49 51 2 84 83 19 64 60 62 12 96 0 92 67 
13 20 83 1 55 10 13 90 2 43 46 79 73 31 47 44 18 65 28 67 49 16 31 79 62 74 14 38 65 95 35 80 13 63 96 87 11 61 12 18 98 76 18 29 78 85 12 21 16 47 74 6 68 46 67 61 86 70 54 78 25 37 75 41 49 86 60 22 41 20 44 96 37 48 53 32 42 68 83 44 7 70 65 53 19 55 18 60 13 43 94 28 97 84 37 19 67 8 70 60 
19 60 39 8 8 3 35 55 33 49 62 90 6 71 67 60 88 9 81 55 29 31 25 99 61 53 7 38 85 28 74 60 28 0 36 99 54 14 7 45 65 81 95 66 58 95 3 63 12 65 76 48 77 84 25 36 70 34 65 41 11 29 3 88 46 21 80 37 82 80 60 25 38 44 71 10 19 77 72 36 91 74 67 86 11 10 52 7 36 51 72 21 9 34 80 18 35 84 28 30 
20 77 95 13 40 42 2 34 9 92 6 91 60 11 41 63 8 77 83 96 33 58 2 90 49 38 6 71 10 21 61 67 99 44 84 92 78 11 71 68 81 20 65 48 13 75 14 2 69 9 81 62 97 50 26 57 63 33 41 42 76 44 66 58 30 67 43 51 28 31 62 54 59 59 56 84 70 27 14 35 31 29 61 14 74 44 38 92 79 42 5 91 91 23 99 94 79 95 2 18 
43 72 24 99 80 55 70 54 16 79 79 35 93 6 72 92 59 37 66 53 84 75 27 58 44 4 15 76 14 83 28 54 30 25 68 84 54 63 17 40 3 21 54 89 95 62 5 65 11 17 29 75 2 34 99 73 49 30 44 18 84 66 9 97 86 64 42 92 58 93 18 29 36 50 58 98 23 14 6 58 88 75 71 0 40 88 52 32 74 5 85 53 78 30 45 74 78 14 77 65 
15 85 14 51 37 52 47 93 95 3 32 21 33 68 99 54 86 86 15 45 39 6 94 69 32 51 96 2 80 67 9 33 31 0 13 94 69 25 89 39 81 96 53 93 19 20 78 79 47 53 88 94 84 12 28 8 92 88 45 81 50 64 81 94 59 35 78 41 78 11 47 59 41 52 43 81 61 80 54 9 45 96 96 67 95 10 99 29 45 74 52 36 79 85 54 23 16 68 37 24 
92 37 26 70 22 47 76 3 95 37 89 82 49 34 6 51 9 21 23 39 32 96 57 84 42 87 75 63 30 87 72 78 58 84 15 96 21 83 47 88 73 39 90 11 66 89 83 1 88 65 30 41 91 43 99 82 87 34 1 3 17 6 25 91 23 39 24 96 43 26 39 39 86 44 62 39 99 78 94 80 14 54 23 65 40 80 53 62 98 59 54 10 83 21 78 58 42 99 78 90 
53 9 14 34 75 56 6 23 44 88 9 57 23 79 31 12 21 89 50 89 22 63 62 55 69 33 15 20 51 81 5 56 67 15 1 83 6 18 4 19 64 59 58 45 58 22 54 26 59 73 29 72 32 95 49 21 46 98 7 12 1 34 78 98 23 4 3 24 23 51 57 55 60 43 29 62 73 41 26 46 23 72 56 61 84 86 43 63 75 25 80 48 37 37 89 62 77 45 16 58 
15 0 17 23 11 70 57 16 93 29 9 60 54 75 74 1 19 27 31 91 35 98 18 92 34 37 66 16 19 6 48 69 81 17 1 40 30 41 79 90 48 62 56 77 71 42 8 25 59 82 42 89 85 53 41 38 10 59 36 94 5 88 94 50 34 23 88 89 46 50 66 17 71 26 23 92 67 52 24 32 36 31 35 37 30 9 36 39 77 72 95 97 57 38 51 51 53 87 88 19 
66 31 65 97 65 80 93 82 39 16 20 73 10 83 12 93 12 57 63 40 58 54 9 87 53 83 57 49 47 9 35 5 19 32 90 3 22 53 65 82 72 54 30 93 15 57 11 98 12 32 55 4 83 85 16 26 64 49 47 3 14 9 71 27 49 40 67 87 39 75 7 93 84 88 76 15 18 19 90 58 80 1 57 39 37 26 36 15 75 19 61 3 66 93 5 50 47 64 35 20 
83 75 51 93 54 32 13 24 91 51 82 80 80 34 94 1 41 9 40 26 90 96 45 47 2 86 77 83 96 76 8 50 68 78 24 6 12 12 49 50 32 37 76 60 65 39 58 79 54 74 32 81 7 92 24 22 74 5 24 15 97 65 16 65 97 9 75 53 71 82 76 39 95 27 55 85 93 79 47 85 1 5 49 73 37 15 80 75 15 86 15 21 51 73 48 9 85 94 12 93 
3 25 55 61 26 3 24 33 45 87 7 10 5 13 86 49 87 31 92 24 33 98 88 19 47 11 62 75 51 27 28 68 65 75 40 63 39 29 74 46 82 60 37 25 27 89 42 86 51 95 51 71 9 17 81 71 4 52 62 6 55 7 46 32 53 86 73 1 51 19 14 4 4 13 6 39 68 19 20 95 76 63 13 59 57 64 84 94 70 23 4 65 55 21 37 88 96 34 75 5 
24 71 42 21 66 95 8 11 25 83 56 18 45 54 84 24 87 73 32 33 82 10 11 76 31 76 38 66 33 28 50 24 94 36 21 57 53 6 44 20 9 94 1 94 91 64 31 93 74 96 29 7 10 87 70 22 77 86 90 35 85 85 18 20 24 0 84 56 51 41 90 7 19 65 86 86 82 75 7 26 60 82 35 61 83 13 50 65 76 87 54 68 34 18 82 17 28 58 11 43 
92 12 16 69 59 24 50 83 3 94 8 21 94 15 28 11 17 17 40 34 98 36 33 45 59 6 87 38 54 43 54 72 69 38 52 50 43 35 80 14 85 28 9 96 69 94 67 11 20 70 30 42 62 59 77 69 56 81 52 31 78 69 8 43 19 27 65 42 0 54 64 61 37 14 89 96 23 96 91 27 91 28 3 96 77 57 46 97 36 48 45 72 43 22 93 37 86 35 96 7 
44 61 45 67 83 25 29 19 3 34 56 70 39 46 33 70 1 64 87 88 43 35 84 15 54 57 1 20 87 48 97 6 52 30 0 80 1 82 87 62 4 73 98 87 63 58 83 97 12 74 46 97 41 92 13 18 59 83 89 40 46 75 80 47 82 77 69 26 24 36 55 63 16 95 56 20 86 39 5 7 97 17 36 6 13 29 14 94 58 98 72 23 42 73 77 51 6 40 2 95 
26 88 87 47 94 65 80 92 15 65 0 28 39 80 63 38 71 87 12 32 30 11 53 75 41 44 18 18 93 0 99 31 31 80 61 84 23 32 11 59 47 34 52 38 89 7 53 16 91 10 64 64 61 93 8 37 67 47 2 42 99 56 52 28 22 6 5 48 84 31 15 14 19 43 54 92 61 38 36 9 54 18 99 80 13 48 7 24 54 89 94 87 98 81 61 96 5 91 44 14 
24 69 83 30 35 29 18 94 38 62 36 55 14 69 95 81 28 71 17 79 93 13 46 99 16 27 86 38 67 17 10 62 42 19 45 60 94 15 74 15 37 11 61 56 29 79 63 37 99 24 23 58 72 3 94 65 0 49 72 52 4 18 18 39 55 60 91 33 4 55 9 5 0 46 13 54 69 99 60 23 0 74 66 13 10 56 4 32 49 26 68 46 62 61 57 35 21 14 21 38 
17 45 33 30 61 39 29 88 20 11 19 97 44 47 79 60 35 88 93 57 27 89 76 45 10 11 49 67 98 17 37 89 74 73 79 56 86 62 29 20 31 67 20 51 56 69 38 10 11 28 38 29 57 34 70 16 62 5 98 54 95 86 38 15 66 76 77 63 58 35 90 27 3 93 5 75 13 59 30 26 25 41 41 60 56 46 59 4 29 54 42 34 31 51 38 6 46 26 66 99 
5 46 68 35 16 38 62 84 45 66 80 36 55 24 10 21 88 59 42 26 6 80 52 31 53 52 13 30 18 66 35 82 69 96 52 98 84 79 81 58 85 83 47 51 46 22 56 70 88 18 0 76 78 16 48 5 2 43 22 98 61 9 29 86 42 98 88 46 51 31 3 85 27 21 63 64 76 45 34 63 86 79 59 97 0 0 22 89 81 69 43 7 11 50 53 13 35 42 95 7 
86 61 58 99 89 38 53 89 83 95 36 54 59 14 90 11 88 59 23 10 92 32 34 1 90 66 92 6 96 19 84 90 69 37 46 97 21 5 0 30 80 24 79 64 65 58 3 86 88 59 83 26 93 82 86 84 33 83 50 92 70 0 94 44 23 98 22 69 97 78 34 87 99 55 23 48 98 56 2 84 19 93 94 16 70 24 94 25 44 57 1 42 22 1 56 95 57 55 82 27 
17 75 36 61 29 3 26 58 80 48 44 54 23 34 56 19 0 55 13 21 35 30 40 83 83 83 65 86 89 56 79 21 69 8 53 11 24 54 53 73 35 92 53 50 22 14 40 39 0 37 18 8 21 20 11 56 54 21 19 44 54 66 43 25 92 50 93 99 14 94 58 62 26 22 19 98 23 91 60 81 76 3 77 89 71 29 6 0 45 0 48 68 94 55 93 50 29 72 24 14 
66 42 81 3 97 46 8 50 25 27 71 16 81 58 14 9 95 64 33 81 44 85 42 79 50 63 13 26 48 88 84 44 81 50 42 32 61 26 84 37 94 74 19 49 94 1 70 25 3 45 40 35 56 50 76 21 79 61 3 57 3 82 34 42 51 44 98 48 69 45 72 38 7 87 16 19 93 45 97 68 12 29 77 22 25 71 63 14 74 36 29 50 95 79 1 3 94 48 94 29 
41 91 19 61 30 64 84 95 1 56 64 21 61 52 77 86 4 14 63 12 28 9 14 36 84 75 88 16 89 95 43 11 13 44 14 31 99 6 20 86 93 38 45 1 64 9 42 37 36 38 71 50 15 0 11 39 40 35 93 65 15 35 54 8 28 94 44 65 26 75 40 57 41 85 19 15 93 42 59 48 94 90 53 77 69 18 26 45 86 56 16 64 46 39 45 66 99 73 80 64 
58 87 88 31 77 34 8 21 27 76 11 94 0 6 23 19 39 24 89 75 3 59 74 25 20 77 68 14 14 67 50 68 77 6 98 51 57 36 54 37 49 27 9 6 22 81 89 69 33 9 95 40 61 95 24 0 98 98 79 52 33 78 72 53 30 58 92 16 57 73 1 97 67 82 28 37 76 64 50 63 37 59 77 4 67 51 58 35 18 7 67 82 27 37 86 98 81 55 20 34 
80 91 5 82 21 62 29 80 66 3 74 65 10 54 13 54 13 98 55 50 64 22 61 69 36 25 63 43 76 21 10 39 95 22 65 72 47 31 9 22 89 76 37 63 60 6 27 28 98 7 32 21 85 51 77 69 23 8 8 30 91 3 9 1 28 43 66 36 60 76 86 99 9 76 28 89 24 51 32 37 85 58 41 80 47 34 41 79 19 94 55 56 34 40 34 9 8 67 46 91 
2 85 64 75 53 1 67 7 85 69 5 1 54 95 81 19 90 51 41 90 63 72 57 88 29 77 70 96 93 64 14 62 35 62 44 45 83 97 82 65 10 46 15 29 15 29 6 20 63 21 92 19 44 99 90 34 97 19 8 90 38 36 58 77 1 0 30 27 32 54 75 7 3 61 78 65 2 24 69 88 93 68 38 5 40 76 6 65 27 39 25 55 26 88 62 30 59 41 49 86 
6 95 71 64 64 35 49 44 44 21 87 49 99 71 18 79 81 40 24 83 32 89 65 32 1 93 42 61 92 43 11 53 8 38 28 99 35 42 95 53 62 11 63 19 58 21 91 40 70 60 82 49 17 76 26 63 38 10 68 11 20 75 54 70 14 9 84 81 29 63 76 97 56 86 30 43 45 76 14 0 56 4 75 77 64 20 38 66 66 76 17 19 11 54 22 6 11 39 52 38 
16 61 99 1 16 21 18 42 95 5 0 33 30 40 24 79 68 88 83 95 97 78 60 25 89 32 62 44 18 21 23 17 54 78 93 94 45 79 29 65 65 84 49 87 28 1 74 74 48 46 75 35 5 40 36 90 84 35 58 15 0 64 31 9 38 54 52 28 53 0 57 57 22 26 20 4 69 17 33 51 25 92 52 65 86 1 59 89 61 25 64 18 82 2 83 4 59 13 78 39 
78 18 46 63 21 80 18 50 56 38 7 7 39 10 5 89 12 94 71 93 72 25 40 37 66 58 63 33 17 46 97 36 66 31 51 26 11 48 30 92 86 55 18 54 87 40 3 7 31 41 37 23 59 9 31 87 62 15 3 26 28 79 90 78 29 13 27 72 30 36 86 5 82 91 84 60 9 95 29 12 33 94 97 76 82 96 83 94 12 44 62 84 37 47 49 60 18 20 3 19 
75 30 4 28 57 23 23 75 35 60 14 18 79 0 26 78 65 94 44 17 4 80 42 87 94 4 75 68 88 1 84 8 53 49 50 96 96 80 74 5 22 0 13 7 67 77 23 29 66 8 94 92 2 67 68 75 61 33 59 85 22 11 86 22 1 10 48 98 46 3 62 6 80 32 77 16 86 53 73 46 97 0 65 44 54 41 40 59 91 34 37 49 3 0 94 36 96 44 3 72 
17 55 86 92 48 36 10 54 90 84 15 98 47 13 73 92 22 13 28 72 84 32 55 70 94 41 87 47 92 98 1 18 11 9 86 66 19 23 76 57 63 17 25 61 38 0 86 46 67 3 40 24 3 92 26 67 3 39 22 22 19 88 68 44 43 92 35 82 99 27 84 56 50 4 61 91 50 95 20 80 95 46 73 77 68 87 58 14 74 49 69 94 73 49 55 60 86 3 76 8 
88 73 33 51 63 38 67 1 32 89 19 70 16 81 77 39 87 69 64 74 39 30 21 83 46 70 44 97 70 0 12 3 77 3 7 28 18 83 42 34 77 82 51 0 10 16 42 0 60 15 27 94 55 52 21 7 43 44 35 18 90 82 81 2 67 73 66 62 11 76 77 90 38 97 0 26 6 52 32 86 1 55 60 33 91 1 33 80 73 6 67 69 1 1 90 96 76 6 82 30 
4 38 64 30 36 41 80 19 31 28 39 38 67 7 16 33 58 44 71 63 2 95 28 2 32 91 93 45 45 81 29 63 26 26 90 80 82 52 70 56 38 24 40 95 38 31 47 75 69 46 85 83 88 68 94 2 47 6 11 96 60 95 73 37 11 76 12 41 54 18 11 23 56 83 70 61 67 28 71 71 86 33 71 95 7 31 84 62 47 53 11 72 57 82 3 14 7 78 75 97 
10 0 43 62 67 29 19 68 61 5 7 82 23 68 27 64 42 37 26 54 5 30 17 94 58 89 7 26 21 1 35 54 84 66 64 14 20 17 88 79 87 34 4 4 91 16 60 94 46 65 96 49 26 57 36 41 22 89 37 31 30 30 23 17 69 12 53 92 14 30 39 76 28 41 50 48 61 78 50 76 9 55 90 71 78 11 41 8 25 50 92 69 83 45 43 72 78 26 24 0 
5 3 3 81 7 54 98 28 89 51 20 56 49 52 32 21 4 39 70 41 7 42 4 51 54 13 62 85 87 11 17 62 42 62 14 26 49 69 30 32 50 52 23 33 98 36 87 66 75 61 24 36 92 86 39 38 9 4 37 76 91 89 78 11 1 70 56 40 35 44 1 55 22 97 78 4 32 25 70 41 54 75 20 69 91 39 46 67 23 15 36 77 22 91 76 80 99 88 55 38 
22 43 65 66 39 97 92 30 79 34 43 38 94 95 67 77 77 15 31 53 30 56 16 28 64 63 52 71 70 24 38 53 43 87 60 38 44 77 7 91 8 81 38 54 19 7 21 32 54 19 76 18 78 42 69 38 51 81 12 70 19 85 37 25 74 56 3 57 52 96 47 31 96 87 47 33 72 10 42 11 25 66 65 51 45 81 60 5 80 49 26 28 86 30 93 96 39 67 26 96 
20 57 71 45 26 8 63 41 77 19 6 50 91 59 12 57 5 90 32 94 99 41 68 94 90 75 70 7 66 68 72 32 41 18 12 46 9 69 0 88 59 20 48 55 70 25 9 60 56 17 23 10 5 40 63 31 46 97 54 20 59 93 5 76 94 47 97 89 60 78 12 9 62 58 21 5 15 88 61 69 78 11 69 29 15 25 54 10 81 28 23 34 91 41 85 30 14 73 4 74 
0 83 71 73 40 28 55 75 69 80 12 64 63 54 99 43 85 90 23 93 32 87 46 34 80 96 27 95 36 52 26 50 24 57 47 95 45 44 41 6 61 75 13 69 4 23 16 69 35 2 27 3 43 39 73 0 2 3 2 2 95 23 60 93 43 55 73 4 24 14 48 84 49 55 3 58 78 88 21 89 16 18 66 98 9 10 75 11 64 61 18 33 61 81 85 24 50 79 27 23 
79 1 80 48 82 54 78 10 29 78 14 33 36 38 62 27 84 59 42 91 90 85 81 94 71 57 70 86 44 46 72 12 0 40 20 92 14 75 24 83 70 77 60 75 76 86 4 88 12 72 64 77 24 36 7 93 87 65 72 56 88 55 53 69 48 92 1 65 88 30 4 50 8 61 32 32 72 71 9 57 74 7 37 90 21 37 96 70 12 81 32 42 96 48 89 19 65 55 22 55 
27 57 94 0 23 52 47 58 64 43 77 4 13 47 70 25 58 55 89 87 65 70 11 70 54 19 70 44 57 64 66 45 41 83 16 97 93 60 86 4 82 33 42 78 83 65 98 82 91 10 36 90 85 30 55 36 70 18 38 42 69 89 7 47 80 0 11 46 28 60 3 38 55 93 13 62 50 86 16 36 90 66 85 82 59 17 6 86 20 90 65 44 8 24 9 49 22 45 19 47 
31 8 33 68 26 44 44 53 93 81 51 75 69 1 85 32 97 89 37 61 9 25 92 61 59 12 37 16 87 70 69 46 68 26 87 18 57 18 22 88 82 40 49 16 32 32 58 72 52 86 61 93 87 9 24 38 62 96 1 15 80 22 98 0 73 32 78 26 55 39 7 56 36 50 0 80 11 86 31 6 21 18 51 32 51 30 99 80 79 34 43 50 90 92 69 80 95 56 11 3 
68 60 39 52 0 51 6 8 82 30 8 63 97 42 7 92 64 20 18 69 37 91 91 99 59 13 28 28 76 47 1 26 39 17 29 2 21 4 45 39 74 79 2 18 29 39 9 18 14 39 42 90 44 18 11 6 78 65 39 45 87 82 40 95 57 49 84 43 14 5 30 81 71 44 56 55 9 68 31 49 72 53 7 19 14 21 53 87 54 20 84 17 42 96 77 65 70 58 92 4 
55 98 81 46 89 32 57 68 25 0 18 22 45 1 72 47 38 96 74 59 94 93 50 0 58 91 34 25 17 58 42 43 89 84 93 10 29 28 37 40 95 73 25 11 67 46 27 6 83 94 60 28 96 64 57 79 75 10 34 90 48 15 58 78 71 41 1 46 87 36 1 96 38 51 6 35 25 45 22 12 94 84 73 43 92 13 50 89 15 31 58 86 42 86 79 78 6 8 61 17 
35 58 59 36 12 18 99 99 78 11 26 68 66 19 50 15 85 38 35 58 48 83 84 30 55 60 72 13 86 13 67 45 23 7 11 42 97 41 47 96 74 20 44 34 84 28 81 36 6 95 37 85 32 59 6 45 88 7 8 52 23 86 41 76 83 75 70 4 68 31 3 81 62 61 46 91 17 80 34 37 99 94 26 88 64 93 98 26 69 8 88 14 71 40 77 78 5 98 18 42 
24 15 58 81 52 28 75 38 16 79 56 6 56 92 46 13 7 67 62 62 3 95 74 5 33 18 20 55 38 26 63 26 24 1 17 31 91 49 5 68 68 67 47 99 67 89 25 96 47 12 24 77 54 78 23 24 57 91 13 65 75 98 17 74 85 19 6 49 27 15 56 66 75 34 72 70 80 85 3 62 70 16 21 24 45 83 25 59 5 83 1 10 4 28 22 97 96 2 29 88 
58 34 7 99 70 59 39 32 17 59 96 51 99 40 65 98 1 68 62 65 17 80 60 89 22 26 12 18 97 63 51 5 17 60 0 56 66 34 61 71 10 85 7 54 9 12 92 41 47 66 66 46 70 67 48 93 23 56 57 61 41 94 35 20 57 35 61 76 24 3 28 51 11 88 45 89 38 97 10 82 76 55 69 36 60 3 80 10 47 56 74 74 25 42 45 3 25 37 31 37 
2 93 20 2 57 99 42 59 75 95 4 80 25 60 88 67 29 61 60 21 97 88 84 35 15 1 2 85 62 88 21 3 4 14 15 92 0 74 89 80 66 69 14 11 1 84 19 35 70 55 24 65 59 69 28 21 57 71 55 8 65 38 27 89 96 78 17 36 86 52 61 80 86 38 98 16 14 67 72 20 66 4 83 7 28 3 88 82 98 12 17 67 63 93 54 36 16 72 37 98 
54 37 76 62 3 19 6 12 21 67 33 83 63 63 7 3 17 58 78 5 64 41 7 85 23 23 29 7 30 40 31 90 99 38 29 51 51 85 64 27 35 39 99 56 10 26 1 7 16 55 35 70 8 98 9 24 84 10 93 48 42 1 89 80 5 47 45 11 87 0 25 51 6 74 40 28 70 46 45 52 75 65 76 43 90 42 8 70 83 43 56 90 82 77 64 23 34 94 60 67 
93 57 19 83 61 89 40 97 87 52 3 63 81 36 99 69 79 80 19 44 85 27 15 87 33 12 68 94 47 2 36 78 61 75 22 15 71 38 0 43 59 79 9 62 20 61 38 35 48 52 17 16 83 65 1 1 65 56 95 45 80 7 9 1 2 89 90 85 70 2 5 36 46 72 2 17 65 1 46 46 61 22 20 48 67 17 97 91 10 12 88 97 11 78 85 21 37 23 12 42 
52 23 94 71 92 36 54 67 58 5 88 10 0 64 23 42 82 58 65 33 73 20 30 29 43 11 2 30 48 12 33 38 72 2 66 59 93 60 15 73 50 64 25 13 10 25 72 43 32 94 76 75 95 87 65 69 32 25 14 17 2 23 6 42 30 25 16 28 91 48 55 89 14 43 95 65 98 60 78 19 52 87 81 25 76 57 62 4 87 37 43 49 51 60 96 14 49 27 58 59 
15 19 22 50 57 13 91 58 40 79 18 30 27 67 49 47 74 61 70 56 17 63 43 62 17 29 23 63 36 56 34 25 16 10 3 79 72 81 93 34 68 91 86 77 19 22 27 50 12 52 6 21 0 76 70 21 65 79 50 61 24 53 17 44 98 7 58 33 27 86 75 3 76 88 19 97 94 76 8 64 21 95 70 40 72 83 72 92 29 9 26 61 21 66 94 41 20 45 3 30 
31 20 28 98 65 34 45 3 14 80 82 9 39 42 79 38 79 25 76 41 58 95 43 92 8 46 78 30 57 2 82 91 28 10 70 30 16 32 75 13 17 97 14 77 34 25 76 21 18 31 18 16 19 65 60 79 67 29 59 37 5 60 64 88 61 32 64 24 71 96 27 29 59 54 90 78 89 29 46 28 24 23 65 48 48 47 1 80 27 51 97 90 34 2 70 79 32 33 41 39 
33 25 64 24 27 68 18 8 29 88 75 61 92 88 86 36 10 15 65 8 65 10 7 92 20 55 71 95 37 3 23 45 46 60 20 56 72 80 18 62 35 85 74 57 20 25 71 76 6 99 71 50 63 83 69 39 8 6 56 67 14 10 26 47 20 69 27 25 84 11 77 84 3 26 56 16 37 32 95 3 60 33 6 68 25 16 8 20 19 56 4 65 75 54 33 45 5 61 75 30 
53 92 22 40 65 76 48 75 6 50 19 13 5 36 0 16 74 51 9 10 11 97 67 44 63 89 18 22 73 1 53 4 4 34 75 29 31 93 60 63 63 6 55 78 21 87 41 66 20 83 42 69 85 14 31 20 77 71 71 17 8 47 24 64 11 77 5 97 2 53 89 20 25 87 19 41 18 89 17 3 74 34 0 50 33 13 52 69 29 75 6 17 6 96 9 79 20 84 87 74 
86 59 93 71 42 25 5 17 14 58 17 2 47 48 35 45 6 58 62 36 24 84 2 40 12 72 25 44 74 33 5 18 16 42 3 18 22 54 54 92 7 87 13 64 26 64 22 74 82 71 25 90 20 86 45 92 29 30 17 86 82 18 82 63 8 61 71 63 44 88 15 98 57 40 26 86 75 35 82 6 94 87 50 48 78 88 28 57 62 90 93 79 28 48 16 19 80 94 94 95 
35 95 47 13 8 71 43 59 29 81 79 39 62 21 41 6 86 85 50 36 39 96 25 54 17 73 54 78 74 69 51 43 58 51 67 48 24 68 50 71 53 44 63 83 43 0 47 29 86 14 49 29 23 57 79 25 98 9 89 47 83 7 20 39 2 51 11 54 7 12 88 30 85 9 85 63 46 48 25 64 73 56 13 13 13 85 25 42 50 36 12 51 78 58 3 19 98 30 59 42 
43 41 38 47 56 72 70 67 28 48 28 65 69 19 91 51 12 80 80 93 93 4 17 81 21 56 97 26 48 56 87 21 44 46 34 65 3 87 87 77 73 3 98 17 68 23 19 79 52 40 13 21 37 23 75 61 25 16 40 51 10 70 38 34 46 9 86 53 75 25 76 35 28 13 55 13 43 10 69 37 34 20 76 75 32 13 76 94 31 70 96 82 71 21 13 46 32 45 72 55 
90 36 60 47 49 48 77 11 18 32 33 88 23 19 67 43 96 61 52 65 5 47 10 30 1 92 47 24 10 47 16 6 82 97 18 57 95 3 27 14 38 33 21 72 25 1 79 37 86 99 57 76 75 87 63 16 27 69 72 94 32 30 4 65 69 41 90 82 42 59 59 76 43 47 51 91 50 46 31 60 39 86 65 86 56 6 47 24 88 75 4 67 86 20 86 46 31 72 9 57 
68 6 34 20 4 72 2 77 51 99 80 5 52 55 24 6 70 96 64 37 3 92 90 1 67 30 20 37 72 70 60 58 28 38 62 52 54 7 92 92 36 67 28 36 26 96 51 30 5 93 8 90 37 14 60 19 82 92 36 35 83 31 86 48 93 79 62 43 95 84 8 69 96 92 16 26 43 36 51 66 3 2 17 35 36 65 98 29 92 77 80 33 93 40 86 92 35 57 88 47 
91 17 54 71 88 62 0 0 21 71 94 66 95 39 0 33 16 3 23 5 63 30 57 53 29 62 73 16 71 87 80 45 10 87 28 85 9 57 20 18 55 42 5 34 37 83 92 97 61 5 23 69 70 67 46 9 89 40 21 16 80 42 7 32 54 27 63 26 41 40 38 34 33 73 83 37 68 21 71 25 99 76 19 82 58 70 84 34 66 60 10 31 84 90 45 61 88 17 75 76 
16 34 7 35 40 15 88 69 73 0 43 52 27 52 17 9 33 75 67 23 58 56 46 93 49 70 27 63 81 38 52 52 90 69 10 52 50 15 34 91 65 20 80 84 47 75 30 45 6 31 61 19 80 17 73 86 85 69 79 42 19 22 51 55 70 92 9 14 97 48 99 49 6 21 89 85 98 67 15 43 42 17 32 62 75 30 4 33 94 45 26 98 0 94 90 54 69 2 3 23 
35 36 65 14 79 0 67 59 90 3 29 84 67 23 61 49 81 9 97 30 94 33 32 60 2 30 85 22 46 96 30 69 54 60 15 96 25 60 57 35 33 44 93 97 75 48 46 69 83 72 23 0 85 60 45 45 11 27 63 83 12 84 70 34 47 12 3 95 89 92 7 46 2 19 85 0 52 66 32 94 29 57 63 50 4 59 14 71 49 76 84 99 28 38 57 98 60 52 8 3 
70 66 40 59 26 83 82 61 21 8 39 86 33 72 90 66 24 9 27 25 63 63 10 29 81 8 54 65 32 54 27 71 71 22 98 49 62 25 70 4 58 48 37 38 90 45 5 2 82 54 9 13 54 44 96 47 90 88 53 52 61 12 56 20 70 34 40 84 45 31 34 76 82 43 95 35 33 98 21 64 13 17 85 16 37 89 47 28 39 60 23 59 52 76 25 25 15 17 67 55 
80 61 97 11 7 39 84 69 68 98 17 93 97 72 81 36 47 68 38 18 34 7 84 38 22 25 1 69 91 87 81 93 97 62 75 87 20 29 65 77 87 66 47 5 90 88 7 88 90 83 44 2 84 81 74 89 49 8 46 94 58 91 23 90 67 38 32 21 37 21 35 60 91 50 86 79 82 50 86 10 93 46 49 67 91 5 67 14 50 5 15 78 69 95 66 23 51 71 12 87 
68 57 60 86 47 67 17 79 68 72 31 75 7 81 95 47 69 36 48 36 70 91 58 17 3 60 82 65 19 1 59 94 23 19 2 16 6 19 13 14 36 97 69 83 7 88 15 48 41 44 28 80 40 8 56 64 84 23 62 34 64 22 8 84 80 60 80 83 37 75 4 11 43 7 71 12 90 24 62 45 52 42 61 19 98 52 31 44 4 11 14 3 65 44 57 0 87 89 57 47 
40 43 26 32 42 22 21 71 7 42 78 78 48 36 6 28 11 41 21 61 17 71 32 61 8 91 96 92 96 41 60 95 24 94 0 57 59 38 23 40 19 42 22 42 4 36 63 8 85 28 30 72 13 78 86 28 2 83 77 11 91 73 92 72 11 92 0 37 57 94 61 28 2 44 10 39 23 15 16 22 83 2 46 32 95 64 68 58 4 5 72 79 14 7 70 23 58 85 72 86 
74 14 59 43 32 30 90 57 95 89 94 69 26 61 70 9 65 63 83 36 25 11 55 7 64 63 42 35 24 65 64 71 67 20 55 46 65 17 28 71 53 91 83 83 49 51 92 7 43 93 61 28 42 77 45 61 5 86 39 98 95 78 38 31 63 85 78 70 51 5 72 98 11 57 44 45 64 21 95 76 53 91 77 93 6 94 85 75 70 96 29 88 7 36 65 70 24 17 15 18 
93 77 93 52 93 52 33 4 51 40 38 23 17 39 27 20 51 88 29 58 18 52 18 48 29 36 34 62 16 83 54 92 95 88 9 44 84 10 21 1 62 70 20 72 30 34 22 40 69 41 49 24 6 82 29 82 39 91 62 68 89 43 65 1 86 4 97 67 53 42 53 11 42 53 74 17 34 5 91 10 1 71 34 0 79 58 66 2 3 26 10 57 16 84 62 11 11 23 38 82 
14 45 47 38 82 6 59 46 68 80 52 11 17 33 50 13 30 69 34 35 4 93 42 82 11 44 33 41 72 5 91 64 20 37 6 54 12 73 84 73 23 1 62 50 0 42 46 52 28 78 85 51 12 75 21 61 0 45 62 27 41 72 54 66 69 86 57 93 73 46 15 47 65 15 87 75 28 31 6 69 12 87 83 38 81 75 99 80 28 43 61 40 29 56 54 82 66 47 73 90 
87 17 43 46 91 31 95 33 55 42 72 79 36 61 99 8 48 8 88 81 1 62 31 79 27 18 77 90 69 12 96 36 21 14 79 95 64 64 73 41 2 78 50 99 87 82 4 51 8 10 57 73 36 19 84 11 50 37 23 39 78 80 23 8 63 83 1 65 85 9 39 25 96 61 12 26 72 30 86 12 89 34 87 69 78 22 17 80 27 24 6 33 37 32 87 99 9 30 13 96 
59 87 47 13 97 58 4 31 98 65 99 92 51 38 23 69 55 66 15 23 6 21 39 10 48 47 42 95 88 6 52 29 22 69 9 80 53 14 53 24 0 78 66 19 75 37 13 20 62 47 27 55 22 34 25 90 45 53 97 86 77 77 30 90 88 55 58 99 39 42 8 67 60 0 42 20 58 76 47 51 65 15 63 33 77 37 95 40 2 82 97 96 33 78 34 4 68 51 16 64 
35 48 52 79 59 99 63 45 17 41 40 93 71 1 86 61 87 4 35 46 14 30 90 39 28 8 57 54 66 2 63 52 62 31 25 19 23 7 99 6 7 20 43 81 52 47 68 93 86 13 88 94 25 24 58 60 38 72 49 98 19 82 27 1 4 62 38 88 37 70 86 64 55 69 65 72 13 85 94 55 84 45 92 37 83 74 79 91 56 69 91 91 18 86 11 47 1 89 74 60 
8 95 7 8 89 25 1 94 5 56 36 52 30 44 76 88 10 48 50 65 41 61 37 99 92 41 71 72 5 12 88 89 16 53 13 12 29 65 95 25 25 38 46 66 51 70 24 90 56 79 54 71 86 67 12 28 97 58 7 96 68 47 96 79 1 90 78 8 93 69 93 53 3 66 75 86 91 60 46 66 76 95 10 81 37 5 39 13 6 41 51 74 52 2 81 14 0 6 3 47 
55 60 90 44 6 74 54 43 49 25 26 89 33 99 96 57 64 47 38 44 7 25 71 54 92 84 19 84 34 27 3 6 21 24 25 12 38 58 47 15 25 18 13 26 90 15 43 85 9 88 79 49 87 63 25 31 23 89 15 11 61 0 89 32 7 9 4 64 10 66 23 52 55 55 50 26 68 92 4 62 17 23 60 40 24 42 88 41 19 18 22 46 81 89 70 3 4 33 11 45 
88 72 90 39 73 7 33 94 62 51 30 66 84 40 39 17 19 48 55 92 85 30 26 73 29 66 49 71 56 80 43 17 6 57 70 17 5 85 68 29 64 47 60 79 41 5 44 24 97 70 79 88 76 50 87 18 61 53 24 60 68 6 65 53 86 23 56 37 1 52 82 84 57 68 4 38 28 31 14 1 32 24 7 66 49 13 50 98 16 86 4 24 16 78 55 42 87 34 81 82 
5 18 18 90 87 88 44 0 29 64 31 42 24 89 6 8 14 42 61 63 14 93 14 7 57 23 45 66 70 31 67 6 77 81 26 41 85 85 43 38 68 41 35 69 51 1 49 99 90 29 67 13 73 18 20 19 18 93 40 55 81 46 45 23 2 66 65 87 66 85 8 35 85 23 6 88 20 82 16 74 5 34 23 98 3 43 83 37 77 64 92 53 83 96 50 6 99 27 37 23 
46 80 82 26 79 16 83 0 87 80 53 38 86 62 84 6 42 84 32 83 23 31 60 76 54 14 54 51 25 95 14 32 43 64 73 32 39 21 97 17 58 90 20 28 28 38 18 59 16 10 81 45 18 94 42 92 60 74 76 19 55 23 71 69 75 55 34 25 67 98 5 46 20 52 57 79 79 64 84 62 89 33 90 79 62 50 50 35 35 22 18 54 75 79 75 62 11 49 69 70 
14 16 91 61 11 60 96 22 66 74 39 93 25 93 80 77 7 22 48 94 40 48 5 96 41 53 86 91 39 91 75 62 64 24 50 29 27 75 50 30 4 11 47 32 43 23 84 1 33 29 94 57 54 10 0 96 88 91 41 46 37 17 0 33 57 58 44 24 25 19 43 95 65 28 75 90 96 66 46 5 83 28 84 81 43 94 73 52 28 31 75 76 41 92 25 72 30 17 88 41 
39 40 32 47 0 97 14 2 0 99 68 98 30 45 35 66 77 87 97 42 37 35 14 47 73 61 28 23 12 56 68 77 11 98 99 28 19 83 2 99 91 98 10 38 49 60 2 81 44 10 47 38 63 45 41 47 1 83 13 56 14 46 13 69 95 1 62 45 53 44 44 99 19 35 33 31 55 85 92 6 89 73 95 83 23 43 60 79 82 11 19 79 20 24 17 20 83 95 83 96 
51 85 37 12 77 75 9 77 30 78 68 29 43 23 92 78 92 87 55 5 75 21 29 88 89 86 30 4 67 58 17 76 23 77 46 0 26 83 50 65 35 13 55 63 59 4 77 63 46 34 50 26 27 97 83 35 61 37 21 1 28 14 64 26 41 64 98 93 38 78 12 27 94 43 62 54 73 5 95 39 85 9 4 8 22 80 30 71 31 97 22 18 2 27 26 43 4 6 69 13 
33 5 34 84 88 28 7 8 46 91 53 85 72 22 51 18 75 8 91 81 10 10 19 92 95 40 51 21 82 20 11 34 47 48 28 33 95 79 4 80 31 19 30 68 10 81 8 4 84 92 96 18 3 88 25 76 75 75 76 36 80 88 29 36 64 13 61 57 9 63 92 7 32 82 67 17 41 7 45 40 9 78 39 83 41 10 54 71 85 50 53 9 79 43 82 62 66 17 97 87 
61 85 7 14 0 1 37 88 18 46 34 84 82 67 78 65 14 12 72 73 19 58 67 11 60 22 14 45 66 7 28 84 30 23 25 96 67 88 88 85 78 19 69 75 57 77 2 23 58 83 32 13 97 5 88 20 31 65 62 8 90 13 14 83 89 54 8 77 84 17 63 76 20 21 86 37 94 81 11 35 88 47 27 83 37 74 86 40 45 27 76 88 2 76 25 25 61 42 40 65 
6 59 53 24 93 26 11 10 89 38 56 61 29 70 48 10 31 57 73 57 95 6 40 84 62 17 67 13 95 84 82 83 76 88 0 73 49 49 49 86 6 99 9 84 26 86 39 55 70 52 19 62 67 41 53 18 5 16 60 87 51 17 87 70 4 57 74 52 0 61 36 6 68 6 4 60 9 9 52 69 81 2 29 81 51 47 74 74 72 2 89 34 37 70 49 89 79 34 50 74 
66 32 20 74 64 6 30 42 7 77 32 83 16 17 19 98 93 47 98 98 24 81 9 91 16 76 35 44 51 62 16 52 90 20 4 1 69 77 64 35 82 40 83 98 53 2 43 94 80 94 97 7 19 11 19 96 48 64 23 41 60 66 60 72 4 93 19 3 52 0 67 61 71 34 0 11 95 94 62 62 15 17 74 54 42 36 79 22 75 24 5 21 66 25 49 96 2 72 52 6 
6 2 77 2 29 58 24 10 82 86 14 75 37 35 64 3 71 55 58 31 29 71 74 50 36 39 69 85 1 17 76 51 57 46 91 30 82 97 66 76 7 33 65 49 64 2 74 11 58 66 50 97 80 14 29 25 30 25 39 57 0 62 93 8 47 31 9 62 72 27 56 18 71 59 85 36 41 34 54 2 69 74 30 62 68 4 69 56 78 70 45 46 21 14 49 33 62 97 54 68 
36 56 75 42 20 44 8 86 70 7 61 35 42 62 79 78 95 4 44 62 48 6 17 70 3 61 85 1 19 59 5 29 68 35 0 69 93 1 45 0 4 72 31 99 44 8 70 17 8 0 79 87 42 94 89 88 76 9 6 94 62 58 21 63 7 88 0 47 63 66 92 39 77 65 88 6 49 19 64 38 77 40 8 55 95 14 42 55 55 58 36 77 62 80 67 73 21 2 68 17 
5 17 87 53 32 35 2 58 31 90 9 9 99 45 90 51 77 98 81 21 96 20 4 86 76 68 76 61 74 78 72 16 18 91 91 74 41 48 90 67 35 32 51 12 22 98 62 57 72 61 13 15 43 33 56 86 52 68 23 19 72 74 39 84 5 6 49 20 17 98 41 44 41 21 38 54 55 68 32 77 12 56 15 46 68 29 26 77 58 47 81 35 26 1 62 93 74 72 98 42 
9 11 81 43 19 74 41 54 92 8 53 86 15 41 66 21 36 47 12 60 77 2 46 87 90 32 52 12 87 50 53 85 52 74 13 14 50 74 81 24 20 96 98 96 32 62 90 49 41 54 56 62 33 73 13 93 59 15 96 44 26 69 46 12 51 82 51 98 24 13 17 70 60 74 94 67 57 33 69 49 53 10 7 72 13 75 51 96 78 72 78 2 56 85 7 57 44 1 36 44 
42 74 75 44 32 65 77 60 23 94 51 36 58 31 69 9 35 64 5 40 70 88 60 58 56 95 14 72 93 16 85 29 10 25 9 59 53 56 56 2 57 84 69 20 84 8 26 89 85 18 24 20 65 12 72 63 71 22 3 14 89 15 65 70 23 67 71 12 84 84 24 9 74 90 59 34 99 20 66 68 70 22 44 73 87 69 99 89 43 90 43 63 39 15 90 26 63 82 99 39 
11 79 82 30 53 46 93 74 44 37 48 12 84 17 48 76 20 50 66 70 87 39 41 21 63 34 72 97 83 28 34 83 63 46 46 99 48 44 32 58 35 13 43 35 27 89 77 88 39 25 47 14 9 42 92 50 48 46 84 75 45 69 96 17 60 10 85 73 12 7 60 60 68 5 52 64 23 61 2 54 64 30 0 5 6 34 74 29 65 50 26 3 17 11 44 29 71 48 54 49 
18 38 72 11 31 15 95 83 21 63 56 54 58 80 0 75 15 53 38 16 61 73 10 87 90 44 78 15 48 30 41 36 64 17 60 60 9 98 88 62 78 63 50 60 93 45 43 99 26 68 17 44 93 53 24 4 98 53 43 90 24 40 34 30 88 72 34 51 67 57 51 27 11 64 66 14 89 10 64 21 17 86 61 54 38 75 11 57 88 85 0 53 7 67 13 95 48 15 93 35 
8 40 58 8 18 3 21 92 79 1 78 56 7 56 98 37 51 4 55 21 23 53 79 27 30 90 97 29 76 8 8 17 58 86 54 68 2 57 61 4 85 85 51 92 64 67 32 62 85 36 82 47 50 84 44 4 21 43 41 39 22 28 8 40 1 33 72 34 81 98 26 21 73 61 24 4 21 87 81 23 77 77 37 74 27 56 86 38 6 46 59 73 2 44 49 5 64 29 17 97 
41 95 79 5 82 65 96 10 64 52 5 26 27 99 54 61 80 0 60 13 57 7 13 65 15 98 79 17 43 54 27 13 32 49 12 68 60 67 44 76 37 28 80 42 68 44 10 17 16 54 12 33 45 79 38 68 90 6 6 61 34 23 52 16 53 43 74 22 20 66 15 98 41 73 51 69 68 95 92 57 73 57 46 94 54 11 12 60 79 11 45 39 48 26 49 66 24 18 26 80 
34 33 3 55 78 88 0 1 56 81 54 82 20 59 86 62 23 39 69 95 94 44 57 66 42 29 0 94 18 45 43 81 76 64 47 20 81 25 10 70 62 76 99 35 35 86 17 68 86 97 26 52 42 68 16 24 48 27 50 66 53 6 30 26 2 58 41 67 53 31 2 97 92 76 16 32 64 37 78 45 97 45 43 47 71 43 82 14 7 38 39 19 31 31 18 30 4 50 20 87 
