100 100
41 33 19 69 73 67 49 11 62 70 78 12 3 79 30 86 95 18 58 38 5 14 80 46 18 6 23 48 0 54 79 61 74 96 55 65 28 98 77 69 34 43 18 71 40 51 20 97 36 72 76 81 73 12 96 61 20 61 58 68 22 75 32 77 61 19 98 99 24 97 83 36 78 10 77 20 85 35 17 17 20 46 58 96 4 89 7 69 92 29 1 59 10 97 79 52 89 21 22 9 
2 79 49 85 25 64 90 27 50 80 10 61 58 65 22 35 23 1 32 12 64 36 9 21 35 82 83 41 14 94 14 37 87 72 92 3 30 10 45 23 63 58 61 58 49 89 91 59 45 25 35 13 22 3 29 62 97 43 31 25 13 2 21 51 13 18 4 36 45 57 12 77 53 73 23 61 70 27 68 7 69 16 60 60 31 71 58 48 44 9 56 87 99 98 82 7 68 79 40 16 
94 48 89 94 56 10 75 31 4 3 46 81 36 0 14 46 62 66 55 10 21 61 29 19 15 67 48 98 23 7 59 74 65 49 81 91 38 61 8 40 3 24 53 65 43 60 59 67 36 16 55 30 57 12 61 10 33 90 11 50 7 14 32 58 81 0 41 10 86 79 46 94 97 75 76 78 98 78 21 57 82 98 31 9 98 92 54 69 37 83 39 28 0 97 34 70 59 30 4 42 
55 38 43 12 80 30 2 81 68 33 43 70 50 86 22 85 84 64 85 43 91 83 89 83 85 65 10 84 68 32 34 81 25 68 4 36 82 17 30 59 45 66 38 20 55 41 26 48 19 89 91 46 5 83 2 42 9 85 49 53 44 41 17 91 86 15 24 65 75 28 43 85 31 58 79 75 22 87 84 69 15 82 0 53 91 78 47 74 11 30 64 98 52 46 30 12 91 1 6 43 
69 60 89 72 66 13 60 23 58 82 85 64 20 37 37 16 48 46 67 14 78 95 9 22 19 92 67 66 28 16 15 78 23 69 94 64 60 1 15 67 84 15 12 54 72 13 52 92 33 67 26 12 37 32 0 20 31 52 97 81 1 95 47 17 17 49 41 92 37 15 25 54 4 81 62 61 1 5 71 2 28 89 99 57 70 20 71 77 40 28 30 59 37 19 31 15 53 63 35 33 
23 7 51 82 92 87 20 66 23 35 18 23 96 86 61 71 12 87 9 77 7 38 59 27 11 10 73 75 59 17 41 17 98 61 97 36 35 53 12 45 92 76 44 83 28 58 72 48 3 5 15 95 47 85 73 28 24 39 60 23 20 1 47 52 79 85 92 4 16 15 80 93 64 14 93 35 72 71 22 45 13 73 44 58 87 90 93 86 28 39 89 76 40 11 72 57 7 63 13 77 
28 76 64 85 58 5 22 13 80 23 37 63 23 66 18 93 9 96 67 30 22 57 79 11 72 71 13 51 37 19 96 19 83 33 12 9 75 74 31 60 68 79 89 23 88 34 25 70 76 5 80 26 33 97 80 59 95 94 79 5 21 4 59 55 4 0 66 41 25 87 77 15 74 5 4 89 87 86 22 1 88 15 35 25 8 31 36 88 40 39 76 82 87 95 69 75 41 36 89 60 
47 5 98 68 48 60 88 47 61 52 96 88 6 60 95 72 75 57 85 43 46 52 21 70 1 31 19 24 77 51 1 52 86 70 29 92 14 1 71 64 21 82 65 83 37 76 75 86 6 55 84 15 51 67 12 33 13 82 80 22 92 88 4 42 72 47 96 15 76 93 47 71 16 36 3 97 15 9 78 62 21 55 35 56 87 55 28 62 81 13 58 61 55 22 81 89 17 31 57 12 
2 31 78 99 15 1 59 66 86 55 52 38 66 57 16 5 79 35 23 29 46 95 34 34 14 30 44 50 73 58 25 92 86 38 51 23 28 38 11 11 52 26 24 8 96 29 76 96 26 43 69 95 69 49 35 76 75 80 81 64 1 18 34 39 46 66 89 34 87 85 47 34 86 87 59 18 37 53 77 66 89 97 22 16 41 71 15 25 91 20 9 38 93 76 28 20 77 58 60 24 
44 9 87 65 67 63 81 26 65 79 86 14 36 30 42 91 60 86 36 11 5 47 5 91 1 30 74 38 90 84 89 99 83 16 48 56 52 0 55 81 33 40 56 17 2 6 68 79 35 13 37 64 35 77 21 86 51 68 76 16 10 6 30 70 2 91 73 12 2 5 0 27 15 15 78 15 91 73 80 82 52 88 72 96 10 71 41 44 18 17 86 81 95 19 46 58 70 97 92 50 
43 3 81 13 88 32 98 29 51 92 70 23 68 13 14 88 44 46 29 19 18 96 13 23 85 94 25 55 35 15 61 17 84 22 41 15 30 9 62 87 86 74 47 18 25 56 45 99 21 90 84 61 10 22 99 22 22 17 95 57 79 38 40 69 85 58 4 20 96 81 74 39 6 56 91 79 11 6 32 66 33 70 51 14 21 37 99 43 79 31 61 3 55 39 98 40 16 8 3 68 
78 54 16 14 5 77 51 3 44 14 7 67 54 58 93 65 12 71 44 57 80 72 56 68 59 7 88 54 79 52 67 78 71 70 25 1 66 84 81 38 47 78 91 75 48 1 39 46 25 28 85 46 55 47 10 45 25 68 18 41 95 80 56 83 34 61 74 58 70 48 45 61 40 38 27 43 39 66 52 85 49 26 88 84 8 15 16 9 57 93 7 25 13 81 33 82 14 27 60 3 
41 63 33 95 9 18 92 6 42 43 22 23 36 27 21 3 99 30 71 93 12 66 83 80 90 47 67 57 30 64 42 19 37 21 46 54 40 76 80 2 16 63 45 40 85 12 34 30 87 84 15 57 53 72 45 59 70 17 45 17 79 90 99 81 73 94 4 89 1 15 56 58 51 43 3 19 48 14 8 27 45 16 38 46 99 85 37 57 81 62 79 5 20 6 71 90 77 77 57 59 
61 56 80 8 96 7 38 21 3 36 40 75 13 12 84 79 50 71 71 59 49 11 97 18 14 20 66 91 7 12 96 54 11 73 54 73 39 47 94 1 48 35 89 2 5 72 7 35 53 7 4 39 82 6 10 0 51 36 76 75 67 33 52 14 8 66 89 63 37 73 70 11 70 70 82 59 99 75 42 88 56 1 41 85 62 17 98 12 68 37 9 40 30 74 6 16 56 26 65 91 
45 94 18 76 32 72 58 42 32 66 4 74 36 92 9 13 77 98 88 66 78 25 50 47 4 92 53 69 2 90 70 85 0 85 37 85 15 94 4 33 26 72 53 4 94 93 30 5 5 29 61 83 11 62 66 24 4 80 60 44 95 30 75 78 2 63 62 56 4 65 33 4 4 71 62 81 77 71 99 88 25 41 0 47 27 23 44 61 7 19 5 0 57 1 1 53 49 50 61 9 
66 25 36 87 75 25 40 64 16 80 49 21 4 30 87 85 11 67 16 0 40 54 31 31 19 96 14 67 19 60 83 9 96 87 65 67 99 68 38 91 26 39 41 33 91 56 3 75 19 59 65 30 59 13 93 23 39 68 88 80 53 88 3 90 8 41 30 2 84 92 73 29 12 53 70 45 87 5 58 94 51 85 13 91 49 46 35 97 67 76 95 64 21 6 0 78 81 36 28 23 
26 51 89 97 73 19 82 89 88 96 50 55 84 22 43 62 65 28 36 47 65 80 96 81 37 62 98 35 10 86 0 1 90 25 95 52 59 93 77 56 52 78 59 72 37 50 80 86 23 83 2 47 87 17 43 57 29 44 45 38 57 0 87 52 92 10 46 70 22 65 92 40 67 65 46 73 73 7 12 46 22 48 28 35 28 5 77 51 76 80 88 71 97 80 29 19 20 20 78 68 
62 93 16 22 15 60 73 31 70 57 50 89 6 61 97 64 17 23 36 46 25 67 63 26 63 75 70 67 6 44 87 45 88 22 67 83 17 80 19 28 95 56 1 15 27 49 56 33 89 68 32 75 56 11 55 81 91 59 91 47 4 27 39 1 23 15 85 78 71 33 11 20 51 39 10 29 56 22 69 81 42 14 57 94 98 87 30 8 68 42 1 5 96 52 94 3 65 15 22 1 
16 86 70 62 82 16 18 50 26 70 70 86 99 88 86 74 73 83 17 59 40 48 44 76 15 37 70 51 36 55 51 0 69 7 86 52 12 49 2 46 95 90 3 55 77 38 38 30 20 91 36 86 16 47 85 16 9 52 49 97 38 89 68 21 29 59 34 67 68 77 0 51 60 73 48 68 3 70 1 6 80 88 64 80 73 90 73 87 77 91 43 83 69 74 88 15 68 46 98 78 
4 36 39 22 20 14 48 8 15 88 7 87 15 81 37 63 55 1 84 56 97 34 29 60 63 39 70 89 77 48 82 76 58 21 90 66 92 85 97 91 12 55 0 19 31 45 59 57 80 4 11 72 99 62 41 48 42 75 61 47 8 21 18 63 63 56 8 9 9 24 18 9 39 29 8 34 96 23 41 32 23 47 78 96 69 13 17 15 92 58 20 82 61 61 71 83 73 85 11 77 
38 86 79 26 92 92 59 69 70 9 22 49 45 17 87 30 66 47 51 51 9 38 82 40 19 10 49 31 62 1 62 21 31 30 88 10 98 33 50 4 92 63 58 29 2 29 81 88 53 52 15 86 14 12 91 39 18 64 23 90 33 20 2 1 73 29 40 28 6 9 17 6 33 89 16 68 67 23 17 72 96 75 44 83 20 36 71 40 97 35 54 78 66 36 34 12 66 36 56 38 
79 40 2 63 28 5 50 35 18 45 78 12 55 98 58 94 36 33 9 78 35 46 57 39 19 28 23 3 10 68 29 29 96 61 36 28 41 39 66 39 60 48 65 56 15 84 16 37 27 2 28 76 13 14 31 18 26 36 27 44 38 4 57 47 49 78 95 96 80 46 17 85 18 15 36 67 26 94 43 59 57 59 35 41 96 98 20 48 84 10 41 9 20 47 85 30 22 13 63 30 
40 91 25 56 88 90 80 77 42 65 90 52 82 87 5 4 84 28 47 23 91 81 58 80 20 55 5 70 72 78 81 47 17 5 97 0 98 42 20 25 19 74 17 48 29 89 72 47 86 35 20 96 0 65 85 66 12 99 41 2 61 89 79 63 68 48 62 96 72 3 59 69 93 81 89 46 98 86 42 66 80 10 38 59 13 67 24 91 85 15 10 21 61 78 59 1 56 71 46 41 
35 86 98 72 46 58 1 14 84 27 19 4 49 12 27 13 12 26 15 84 50 95 21 0 43 80 14 82 10 95 22 89 80 41 12 0 87 56 3 66 92 14 97 22 25 51 24 56 93 56 60 25 69 75 32 17 13 12 84 86 63 55 56 77 81 78 13 7 9 52 12 72 53 50 43 72 32 19 98 37 12 12 5 36 96 21 56 87 18 27 49 74 40 60 65 21 16 18 93 39 
99 60 11 7 67 75 58 5 38 9 52 8 99 91 81 32 51 35 0 33 99 98 56 70 95 72 42 28 16 11 13 71 45 8 4 61 9 31 86 32 44 29 61 32 88 34 45 0 30 61 49 34 58 51 36 85 53 86 70 5 21 96 31 59 38 52 45 22 40 41 14 14 55 67 23 16 49 84 25 28 60 11 15 4 34 88 91 27 20 85 79 92 24 72 92 70 46 68 21 25 
87 73 37 8 46 90 81 91 61 18 61 73 41 55 30 97 25 87 11 11 79 98 84 96 52 55 3 39 20 64 35 3 29 86 69 41 96 22 38 7 44 63 27 47 85 38 15 95 38 0 19 93 98 43 14 30 99 24 89 6 87 2 93 9 16 28 24 32 4 11 80 44 25 92 96 14 25 52 79 71 52 67 9 94 73 34 79 86 16 44 14 76 20 48 23 19 12 15 98 78 
87 67 53 46 23 86 15 16 11 55 61 45 14 70 32 59 76 10 83 16 35 3 7 8 15 72 65 29 36 87 63 68 21 18 20 26 35 1 31 94 2 67 81 3 32 91 1 2 54 71 97 29 71 75 54 63 71 61 92 89 74 20 40 96 46 5 70 82 17 35 75 24 18 83 84 7 84 15 96 96 63 71 38 27 72 52 41 62 56 26 69 8 84 35 62 23 70 91 76 82 
29 93 93 99 4 16 13 87 21 28 42 44 17 94 53 88 73 68 70 3 68 30 73 68 80 10 85 26 6 16 66 78 4 33 96 1 91 75 37 92 53 96 51 94 51 11 89 60 71 74 50 49 16 36 29 63 55 42 19 66 7 69 72 54 95 46 12 98 69 36 0 92 27 94 65 12 52 4 51 14 34 69 13 64 42 48 55 70 26 98 76 78 38 74 61 96 61 30 31 55 
90 82 39 86 98 5 48 65 51 50 91 13 68 2 79 16 87 90 50 26 38 34 28 91 99 68 61 87 36 10 32 77 95 12 43 90 49 75 99 47 30 77 63 35 44 22 94 58 91 11 78 30 37 26 28 14 94 38 87 41 73 56 34 92 1 78 36 40 68 68 16 3 17 10 33 61 85 4 82 86 21 75 39 44 53 16 27 99 22 61 73 59 85 82 36 8 4 84 68 82 
27 94 31 60 32 1 36 15 14 2 7 8 95 2 21 21 2 63 45 14 75 82 10 36 81 59 73 14 24 58 72 23 43 45 1 82 71 84 80 36 96 71 24 38 78 83 2 71 86 68 48 18 39 78 48 83 25 75 57 59 39 83 82 28 85 34 71 59 23 24 84 33 37 50 97 96 11 30 11 84 87 94 62 86 18 16 60 86 22 56 63 36 92 34 95 64 31 82 92 13 
82 75 92 16 24 17 38 89 81 23 14 82 0 77 78 4 3 79 40 25 30 64 19 77 28 17 76 78 2 90 7 19 27 42 18 12 27 72 86 59 84 23 80 92 25 65 43 95 24 97 84 25 69 14 54 46 75 40 12 80 20 24 85 37 1 28 40 13 66 11 22 27 88 63 71 69 9 25 93 54 3 88 92 43 2 10 2 71 68 7 54 70 15 83 29 92 84 7 38 36 
26 5 62 70 63 42 66 67 18 5 12 38 2 35 0 3 41 38 22 97 7 10 0 31 49 60 20 19 52 96 29 45 25 18 76 48 52 20 79 75 20 50 88 34 51 86 87 15 28 26 72 10 66 66 55 24 50 98 21 97 6 76 26 29 16 2 32 75 1 20 29 37 73 78 72 11 44 27 36 99 53 99 29 87 46 28 61 25 51 85 80 19 11 41 20 81 55 66 31 58 
79 75 99 96 16 7 13 67 75 92 68 23 93 35 21 90 13 22 42 84 73 66 9 83 24 9 73 56 39 51 11 5 62 26 82 57 75 99 66 91 15 90 30 2 56 53 41 47 52 86 3 85 42 93 26 37 97 38 91 24 86 48 87 47 42 30 76 96 83 35 71 78 49 4 76 9 84 17 22 59 79 63 89 62 25 66 45 98 44 3 94 93 33 93 62 11 81 15 96 30 
7 93 11 81 89 21 33 76 98 24 71 62 66 86 25 12 17 47 66 35 5 31 47 55 87 97 86 18 84 48 75 52 95 18 56 41 21 10 37 44 3 63 4 65 1 99 52 97 9 43 16 6 38 25 93 69 8 87 70 96 89 61 74 81 89 49 10 64 49 51 14 23 66 21 52 3 74 84 70 35 95 85 11 81 31 78 89 2 86 61 80 4 67 5 64 70 97 83 53 55 
52 62 23 15 59 82 19 39 5 57 27 6 79 81 23 3 91 58 76 62 26 34 35 21 58 60 33 65 71 94 44 88 56 69 71 91 45 90 12 71 30 20 58 85 68 29 31 47 75 1 67 60 83 4 25 54 54 43 36 7 66 67 30 2 56 34 19 24 5 96 17 38 36 6 37 79 1 66 45 25 72 97 60 29 79 61 21 52 7 72 14 96 88 60 37 30 60 97 41 76 
78 23 82 53 60 74 5 29 21 23 19 43 10 80 59 6 49 17 25 36 90 80 56 45 37 36 14 94 99 35 30 89 88 41 37 31 97 24 22 74 25 79 68 20 60 49 38 75 99 32 76 34 67 12 91 1 56 79 45 35 42 94 42 21 48 35 13 91 48 38 34 79 90 47 32 83 96 69 34 35 76 3 78 73 84 96 92 41 91 25 65 90 43 19 9 36 55 97 6 99 
92 22 55 25 49 49 17 89 22 37 5 64 15 25 49 63 61 30 54 49 7 32 36 52 95 88 76 34 97 33 94 98 45 71 27 98 25 46 35 55 33 26 15 85 56 38 81 99 22 86 69 88 29 64 7 95 87 96 17 7 98 80 93 6 63 7 47 21 62 85 48 94 15 82 7 19 0 26 46 10 67 15 22 2 46 16 19 35 15 49 86 19 64 6 54 29 93 6 92 90 
88 84 38 33 76 23 19 15 57 82 13 3 16 8 20 59 56 42 63 54 73 66 32 64 16 95 30 63 21 9 41 67 57 87 58 66 81 46 83 66 57 1 79 90 90 75 22 72 83 39 18 85 67 77 11 59 17 78 7 40 83 30 79 42 31 19 81 58 6 88 47 9 3 70 88 17 5 26 58 3 10 8 50 75 87 47 31 46 27 48 26 67 91 90 43 44 29 54 92 51 
80 30 40 83 30 6 85 21 19 19 21 2 14 78 21 77 36 74 74 97 99 57 99 15 85 72 73 68 46 73 96 50 15 93 43 77 52 59 54 89 90 21 48 40 66 30 25 95 16 91 2 74 53 79 41 66 89 3 93 28 51 97 74 33 43 77 3 87 44 94 88 66 19 84 54 89 33 94 32 89 64 69 11 76 26 99 57 79 19 62 29 98 93 96 61 26 29 7 71 47 
58 5 18 73 39 86 52 26 34 2 15 39 48 47 38 33 6 33 93 49 6 30 83 73 2 51 90 75 73 43 31 28 88 97 61 5 88 24 14 16 18 76 1 35 84 70 63 80 51 19 91 62 85 8 65 13 3 40 75 46 41 42 34 43 81 34 21 10 88 24 90 61 73 45 7 12 11 32 55 25 76 41 64 15 67 36 82 99 79 66 69 69 88 82 78 55 47 89 81 81 
60 6 67 35 12 97 25 2 96 61 46 70 53 86 3 49 1 17 82 57 28 78 56 99 55 31 29 55 33 1 48 61 11 83 38 77 27 55 89 74 56 73 10 99 84 33 37 42 69 44 48 3 38 67 40 22 68 72 8 41 14 19 95 80 41 32 60 93 69 43 80 92 38 51 2 72 73 42 42 71 7 3 37 46 25 87 15 13 99 40 99 92 79 53 80 10 37 84 56 15 
25 50 22 84 19 54 17 13 27 63 41 9 28 28 39 45 30 51 32 45 44 97 70 30 83 45 5 58 6 80 2 12 67 39 4 62 64 61 87 46 77 55 49 72 32 61 18 87 81 26 6 58 76 97 50 77 46 71 1 34 11 49 94 69 28 51 64 64 3 95 89 18 66 31 79 54 40 0 48 52 35 94 31 94 12 87 44 46 62 61 12 56 11 65 92 94 46 52 6 75 
2 64 87 93 71 36 14 45 64 69 30 48 46 67 73 77 8 95 30 44 52 2 31 19 53 58 44 49 96 9 97 85 10 67 77 77 65 62 1 46 97 27 15 85 9 8 89 8 14 62 14 35 62 32 75 55 81 60 18 33 52 93 35 39 52 42 54 8 35 61 12 89 43 68 3 11 65 61 50 0 62 79 94 62 71 96 10 83 97 88 73 40 40 83 53 43 10 88 68 61 
65 9 17 77 38 26 97 47 75 87 9 20 56 85 38 28 72 59 67 13 84 38 46 8 14 92 71 70 68 70 97 6 96 40 58 73 70 44 82 16 66 44 81 95 57 51 68 27 84 43 63 69 89 36 52 17 11 48 39 5 56 40 55 5 52 42 74 78 42 33 47 23 16 13 14 3 14 47 45 32 55 30 91 55 98 98 57 78 37 99 63 61 98 89 79 73 74 3 87 7 
61 32 61 83 57 69 54 58 21 6 9 77 5 81 58 24 25 64 12 79 40 92 48 63 92 9 88 25 97 21 47 71 11 27 34 6 16 54 11 37 13 95 63 74 93 60 22 31 29 42 7 17 44 87 46 77 47 15 53 53 10 11 81 13 93 83 27 90 89 19 0 63 30 79 88 29 88 33 6 64 45 50 82 93 71 61 66 38 49 4 34 74 5 59 84 32 74 25 97 42 
9 74 91 2 0 36 70 1 64 56 92 35 71 36 74 2 21 25 84 47 76 13 69 27 91 39 81 29 11 33 57 23 76 41 58 21 83 85 8 80 7 70 91 93 22 8 92 6 18 37 87 40 4 0 55 67 31 48 23 38 82 58 28 29 7 49 12 73 49 13 84 60 53 14 4 17 65 98 39 24 18 66 40 2 29 58 95 14 56 27 31 79 61 11 19 74 80 59 46 9 
11 50 33 23 22 10 47 62 61 39 24 87 40 7 2 15 48 57 92 32 36 89 67 94 60 55 81 44 25 16 46 29 37 78 47 90 83 37 44 91 84 21 98 36 97 62 4 14 87 39 21 90 31 87 54 6 22 88 4 75 88 8 73 7 85 37 83 50 27 33 93 82 3 89 20 30 41 68 52 82 94 2 4 27 85 60 84 8 17 84 9 1 76 40 36 60 11 34 62 16 
50 96 38 67 13 71 34 11 55 41 99 63 65 31 76 21 33 53 41 25 85 86 71 35 8 9 8 4 82 89 19 81 85 22 32 2 82 90 26 63 68 76 67 77 95 13 11 4 79 45 16 31 53 97 3 59 73 61 43 60 80 72 55 51 41 19 0 15 13 99 58 69 16 80 73 48 50 13 21 23 8 56 3 21 66 81 8 83 41 77 77 18 75 66 93 73 6 70 22 48 
18 62 27 38 64 55 33 24 62 6 11 75 97 86 12 42 94 1 82 53 36 63 21 70 45 72 3 0 81 18 38 19 69 35 46 39 28 78 44 37 1 25 47 22 84 46 52 84 85 35 32 91 57 86 47 69 44 4 25 41 14 27 66 44 19 16 9 98 86 74 88 76 59 41 56 7 88 51 81 74 96 99 54 60 64 9 29 81 31 15 29 65 83 19 65 34 90 82 18 24 
49 75 83 4 35 11 72 0 44 98 86 4 41 58 90 7 11 87 20 36 73 31 0 48 1 16 50 62 38 46 87 48 18 18 7 31 84 48 27 54 12 81 90 30 5 60 49 29 34 86 23 6 79 9 98 78 36 52 58 75 41 65 66 48 90 40 5 18 93 25 68 6 4 88 56 43 92 89 43 50 24 16 98 10 93 22 3 79 25 50 7 78 31 74 85 10 39 60 18 26 
14 68 41 52 48 27 13 40 36 71 11 39 27 17 73 3 34 36 78 66 6 2 37 39 58 35 58 68 33 44 67 83 36 87 52 63 3 8 38 84 8 3 66 57 27 94 55 80 9 69 43 39 1 99 55 35 12 1 24 51 54 28 24 76 50 61 95 84 79 50 58 89 67 91 14 59 49 68 82 50 65 26 67 57 47 31 96 53 69 25 98 83 95 41 52 31 53 41 7 74 
31 35 29 50 21 16 41 18 91 28 40 59 66 8 3 2 39 74 76 47 62 50 10 59 57 22 20 96 29 3 36 64 56 87 15 12 6 82 64 83 58 91 5 14 15 12 62 45 17 75 6 34 29 17 41 19 93 10 65 45 96 67 58 56 18 99 4 92 26 57 42 20 85 74 25 28 90 79 57 3 10 18 19 47 96 84 98 16 7 40 21 16 39 51 45 67 12 8 70 54 
43 92 0 26 96 57 11 40 75 16 24 78 31 19 55 91 85 69 86 1 89 48 22 82 38 4 27 53 85 97 44 44 41 67 61 3 94 22 64 67 16 31 23 70 54 20 56 93 94 88 72 38 60 35 28 80 90 23 48 2 54 2 86 29 35 51 35 8 49 47 52 1 97 94 2 81 45 53 54 22 39 4 39 13 12 12 6 69 55 3 64 58 78 25 77 49 93 99 48 32 
96 3 51 7 44 24 6 14 27 33 38 20 86 80 56 61 1 5 50 35 87 70 44 27 88 74 42 29 81 26 14 72 84 50 46 40 57 4 21 92 50 77 91 15 62 57 15 35 29 55 63 50 33 29 8 73 83 20 96 76 12 6 31 82 52 99 11 63 81 41 98 90 83 82 71 79 72 22 21 82 58 49 33 40 37 7 51 28 11 26 34 86 58 22 82 7 58 64 47 19 
58 97 78 97 85 31 68 41 15 30 8 89 20 37 89 62 44 4 70 50 79 39 84 29 69 40 16 74 53 3 35 81 14 66 14 71 58 31 38 0 40 84 9 34 87 5 2 90 23 61 34 82 54 58 60 81 34 66 23 23 52 94 18 74 89 78 98 48 99 23 85 32 96 42 40 23 81 16 0 88 95 41 66 44 33 19 52 53 57 2 82 90 87 30 5 52 15 2 86 90 
16 41 13 1 74 31 69 10 77 49 24 19 78 45 10 9 49 93 27 81 41 29 10 74 11 90 64 81 63 6 0 59 44 84 13 21 35 95 35 2 44 71 52 3 51 48 20 44 77 20 0 15 86 84 26 83 80 52 47 83 99 29 74 80 21 24 66 38 4 52 45 54 99 8 28 1 92 5 52 52 71 49 66 35 34 9 74 86 53 5 50 87 48 88 32 64 72 8 31 7 
14 63 25 97 99 95 65 84 77 42 97 9 91 50 6 49 95 31 72 3 43 49 92 98 50 57 86 58 25 28 76 7 99 57 65 56 55 19 63 56 52 58 92 57 92 89 47 36 52 77 4 83 26 65 1 64 52 93 46 84 71 53 88 46 47 30 6 38 66 50 84 89 36 71 19 14 96 89 54 39 25 37 70 82 37 39 92 40 95 33 86 60 77 30 60 78 86 13 89 64 
65 59 77 20 11 40 84 40 78 66 66 47 97 9 83 61 23 69 69 28 62 94 4 13 45 94 6 54 50 87 0 49 72 66 36 99 38 87 73 13 11 47 67 17 6 23 52 80 39 61 22 59 73 95 10 6 16 64 29 83 61 73 27 81 84 26 48 45 55 90 19 36 47 5 20 93 23 9 86 3 33 61 55 77 13 24 48 22 14 99 86 60 88 72 74 53 21 38 42 91 
14 52 92 45 44 52 63 1 42 31 91 85 14 64 86 20 13 28 93 29 25 3 97 17 72 57 68 95 17 20 98 22 50 99 60 9 25 72 97 13 13 97 37 16 18 22 75 18 8 18 51 18 0 63 1 9 94 33 50 10 83 89 66 7 12 96 66 15 1 42 31 67 87 61 76 63 1 8 82 0 59 98 84 77 13 72 10 44 51 27 14 2 30 66 28 86 32 95 23 62 
82 95 45 36 3 82 53 76 57 87 65 45 16 35 62 50 97 66 90 80 75 3 68 65 60 55 46 73 39 43 42 85 29 27 92 25 58 72 48 13 98 87 46 82 47 93 10 39 84 1 81 54 55 51 89 13 60 19 51 29 93 81 81 31 95 89 31 16 58 70 82 23 78 24 10 78 30 82 3 34 23 32 23 7 13 2 69 20 72 73 99 64 55 14 52 31 34 75 92 39 
12 89 67 94 23 51 74 13 96 14 49 9 82 82 89 81 64 96 15 81 79 15 45 52 79 59 95 42 74 86 3 33 8 8 76 96 70 12 49 22 12 63 90 39 1 60 17 25 61 60 59 70 14 18 62 13 64 60 18 96 83 99 91 95 69 44 20 84 80 61 34 45 39 53 73 51 9 78 21 22 27 77 56 44 11 98 78 15 15 53 52 11 1 12 52 27 79 2 63 18 
10 47 8 30 81 59 76 67 86 24 96 21 43 27 6 95 8 88 42 36 38 58 34 87 12 29 26 10 3 64 23 68 95 69 79 6 22 28 30 5 16 8 37 13 7 61 39 40 35 22 3 88 79 65 64 87 20 70 89 75 20 38 77 85 83 91 45 53 72 77 34 72 20 99 99 76 5 23 96 44 88 8 87 30 86 46 70 55 14 9 60 62 28 65 95 88 37 51 38 5 
91 23 20 43 74 43 23 85 12 73 12 97 3 63 67 90 9 50 78 1 60 79 3 40 81 13 84 34 89 78 32 0 30 28 12 46 91 77 34 87 66 82 46 66 99 22 6 66 48 4 82 87 5 52 8 89 44 26 8 63 82 82 94 5 95 68 15 13 57 54 13 7 3 26 36 68 28 67 5 71 25 51 36 88 0 73 43 13 70 40 79 85 68 83 36 2 36 78 91 28 
5 13 53 88 5 6 34 75 53 78 49 24 46 24 9 31 18 89 65 61 12 33 35 25 98 61 70 91 98 55 79 78 68 74 53 96 89 44 6 8 13 57 33 12 46 4 85 98 85 56 11 67 38 73 12 17 1 57 45 34 4 98 27 67 20 4 6 71 23 32 2 74 0 85 62 82 45 69 43 94 37 11 99 6 92 39 88 39 27 92 18 75 84 3 33 63 74 40 7 10 
82 78 96 17 7 57 43 67 5 47 86 49 9 23 55 51 25 93 64 96 61 88 38 64 18 34 80 94 41 17 46 69 17 53 26 84 93 93 38 43 35 61 70 51 83 75 38 20 70 45 40 2 16 77 85 13 5 1 76 57 40 38 6 23 79 37 54 4 13 90 49 65 75 85 70 19 64 54 44 87 51 24 59 97 46 49 1 9 80 47 13 0 32 65 46 67 93 59 76 71 
87 22 27 61 85 60 39 88 19 27 36 75 52 43 14 97 37 94 54 10 54 3 31 42 85 69 7 65 79 2 33 13 4 6 19 74 23 97 88 9 81 57 84 32 38 49 52 27 50 32 2 24 44 89 62 33 21 4 85 41 13 65 89 62 17 44 69 64 78 62 90 7 7 41 9 64 52 4 56 89 85 93 2 20 56 86 68 16 8 10 38 41 8 15 20 69 67 73 26 99 
53 71 51 50 91 54 54 26 48 64 79 34 99 37 8 21 3 61 63 64 58 43 29 57 37 93 73 47 60 50 89 13 7 25 81 14 22 61 28 49 11 3 25 11 53 76 25 65 86 6 12 15 8 80 44 91 79 9 61 72 59 82 55 89 71 3 40 2 66 94 69 31 90 96 13 78 25 50 26 58 7 70 25 17 94 8 58 31 68 41 4 70 79 20 63 0 29 39 46 70 
71 66 72 95 39 29 99 72 98 83 26 5 77 75 60 44 64 87 29 58 22 68 93 61 55 1 73 65 15 84 5 82 92 20 17 59 78 1 37 9 19 82 3 81 92 55 15 5 8 86 39 98 8 45 44 99 72 46 5 73 75 98 66 95 4 35 70 3 4 55 38 50 97 70 31 94 85 31 83 68 42 35 16 23 80 55 83 99 45 85 85 44 64 51 2 7 65 97 47 96 
39 65 16 70 52 37 98 93 97 4 71 71 43 19 97 49 25 87 96 63 8 3 7 37 79 16 77 6 51 76 36 37 40 88 80 75 14 64 96 86 5 39 99 14 90 48 5 43 38 97 75 3 83 60 18 47 76 35 27 74 9 37 1 58 0 61 38 49 80 55 48 56 53 56 81 3 20 99 22 47 38 96 83 17 82 66 60 26 40 37 11 38 74 24 66 63 17 93 25 91 
87 80 93 81 56 93 83 19 0 9 70 88 6 7 17 36 65 69 35 52 60 50 20 45 37 26 86 7 25 51 41 32 76 67 53 58 70 98 1 18 95 10 33 92 14 70 89 21 26 62 54 57 37 64 22 41 52 53 42 13 66 28 35 66 73 25 34 80 2 5 25 15 51 18 92 54 67 22 19 85 22 8 91 37 42 43 31 11 43 88 36 46 53 3 70 88 98 78 38 68 
2 94 26 11 32 2 74 24 62 99 95 24 16 56 44 74 38 73 59 22 52 78 46 43 19 17 85 19 18 39 45 27 7 63 76 26 26 43 51 7 84 26 74 29 70 26 11 98 81 42 6 52 52 4 31 91 86 28 52 80 6 81 47 58 21 65 9 52 17 5 44 33 6 96 90 84 77 98 1 53 89 18 5 83 74 63 7 59 43 31 32 4 0 72 8 2 87 27 78 53 
11 76 72 86 22 9 46 19 55 42 98 77 2 82 41 61 14 58 79 95 38 45 17 28 66 49 58 40 93 59 57 5 70 30 31 19 60 56 7 5 52 66 26 41 8 85 39 64 76 30 95 57 34 96 10 52 88 2 47 35 77 62 9 52 53 68 57 20 72 68 11 45 0 74 92 84 58 25 46 32 95 80 83 13 48 44 55 1 51 25 32 77 51 3 77 82 18 3 18 34 
86 43 11 46 5 81 90 73 66 44 19 44 25 44 74 14 62 18 33 30 49 97 34 2 79 52 47 85 19 52 23 17 62 79 73 80 12 87 43 18 30 84 28 59 21 84 58 55 23 5 44 7 88 86 5 58 85 78 37 11 35 58 26 26 24 61 31 77 57 44 76 83 78 17 40 54 34 91 88 57 32 28 85 8 66 69 8 87 38 31 80 23 0 85 48 48 57 88 76 10 
28 98 36 59 10 83 30 27 85 80 35 63 39 31 10 29 82 52 27 49 33 78 56 50 16 58 45 4 71 61 0 32 53 16 54 1 9 90 43 8 28 90 37 61 96 9 56 83 66 21 22 37 59 5 20 26 41 37 14 91 45 28 93 73 0 35 29 9 25 73 47 89 72 97 48 56 43 88 3 86 51 63 8 5 22 37 42 43 44 98 13 52 60 64 60 74 83 48 98 70 
1 21 87 70 0 46 93 24 57 28 84 24 5 62 89 98 68 62 50 23 1 57 12 39 89 0 64 52 78 32 67 99 2 50 32 87 49 61 59 18 11 77 16 94 99 52 75 72 40 30 50 74 27 15 39 56 33 7 79 42 83 32 59 87 52 8 25 40 6 75 17 36 2 77 14 17 59 74 51 67 7 29 2 51 65 89 60 65 60 48 69 63 48 72 12 46 90 40 54 64 
2 23 15 58 98 26 59 93 54 80 88 3 44 65 80 30 25 87 2 23 42 64 10 99 75 3 5 57 75 77 58 23 38 85 73 97 80 81 40 52 1 21 38 63 46 33 12 14 35 74 46 38 79 26 16 88 4 99 87 2 99 10 61 29 31 49 64 84 58 19 62 0 27 29 45 9 83 75 69 7 55 13 6 14 74 64 78 70 39 21 79 40 59 6 7 21 70 51 96 86 
39 57 83 54 27 27 32 52 11 68 75 72 35 53 82 56 11 45 99 76 38 47 44 84 78 57 82 74 73 63 23 85 63 87 5 77 78 53 53 67 10 52 24 49 13 78 37 11 24 69 19 6 13 67 22 54 51 1 93 28 81 21 81 16 24 13 69 42 62 81 88 24 41 6 97 76 46 6 49 28 90 7 88 92 56 31 19 22 24 39 98 59 7 83 45 35 13 61 27 69 
14 39 87 69 95 41 26 25 11 33 89 48 37 43 77 73 45 11 23 50 49 32 33 55 65 75 30 86 13 62 45 91 99 97 43 53 27 7 87 40 39 82 94 25 0 58 42 69 4 37 34 32 59 84 26 14 62 78 97 9 63 16 43 11 68 35 77 12 42 39 63 76 89 43 85 52 59 25 54 94 50 44 93 85 98 73 50 35 37 10 58 56 58 85 28 25 54 62 41 39 
54 58 19 10 37 24 89 80 22 74 43 31 15 13 0 53 55 59 17 53 25 63 79 37 25 98 98 73 95 24 18 6 88 47 8 10 87 48 70 56 39 6 2 19 32 76 49 35 23 37 2 18 8 61 57 78 14 44 95 93 64 72 74 8 25 88 75 11 20 78 79 14 21 60 79 20 4 94 40 21 58 43 41 72 84 29 64 88 45 43 11 95 60 25 8 29 60 33 12 52 
73 84 63 70 81 26 71 74 32 36 38 81 29 18 42 1 38 24 4 3 95 32 64 67 84 65 92 88 86 12 49 81 0 53 37 31 93 50 64 17 47 29 8 88 83 72 64 10 6 36 82 81 90 32 35 20 23 60 99 54 69 97 2 23 27 18 23 65 68 27 44 71 37 26 39 84 16 83 59 55 4 8 62 32 72 68 88 20 15 91 16 93 18 47 52 38 42 76 48 33 
87 31 66 54 56 50 36 3 82 98 71 36 42 87 2 69 86 70 98 0 46 24 93 90 20 0 48 72 97 84 82 81 28 31 40 28 72 10 47 21 9 40 45 3 9 51 86 80 48 73 92 20 18 65 44 21 44 11 65 77 29 50 17 1 52 82 89 47 36 46 92 64 22 46 3 76 17 64 39 77 16 77 93 40 23 37 21 28 66 12 16 47 1 71 60 32 69 50 95 92 
97 98 61 47 27 76 68 33 59 24 53 14 43 72 91 92 20 40 30 27 0 41 51 23 51 23 79 46 49 82 92 55 36 81 34 14 77 83 23 55 71 63 93 84 23 64 53 8 65 97 73 4 85 28 81 15 93 79 47 42 92 29 40 6 16 34 32 90 24 0 63 35 83 42 14 38 2 77 15 62 0 13 39 78 42 62 30 23 11 89 98 24 91 43 18 49 40 75 52 13 
34 0 66 44 22 75 24 95 44 51 73 24 92 72 1 72 60 41 46 94 2 19 92 65 33 52 72 5 4 15 92 85 70 15 38 1 90 9 1 24 50 73 69 32 58 36 76 75 1 41 14 15 35 13 67 15 45 14 73 97 16 20 27 51 25 62 60 36 51 74 22 98 0 24 34 9 39 86 18 2 48 60 90 11 8 11 69 78 48 24 86 5 34 64 9 50 40 11 55 4 
51 37 75 9 82 35 68 38 44 47 39 74 55 15 36 46 0 38 6 77 28 58 86 56 52 18 88 74 62 73 41 14 36 99 14 50 6 99 51 74 56 85 74 93 8 94 63 91 29 23 14 20 27 74 37 90 41 18 0 64 30 95 0 20 35 77 13 70 43 86 41 64 86 86 39 16 6 6 8 61 14 42 92 8 16 17 32 93 12 44 48 23 73 64 32 36 96 71 38 96 
65 80 95 29 36 55 56 13 89 32 33 67 37 25 91 83 66 65 41 70 22 93 62 53 23 10 87 33 66 2 37 44 60 61 91 5 45 11 53 11 75 67 33 82 80 69 67 28 62 46 60 49 13 44 68 13 94 83 90 21 9 75 1 43 44 85 23 4 69 0 57 17 33 7 95 84 34 46 14 58 9 2 11 7 42 82 29 8 83 62 67 58 21 90 23 96 45 98 62 78 
77 7 74 11 63 92 31 5 30 77 55 88 61 91 77 17 87 46 24 81 85 30 11 39 79 52 93 53 50 13 43 55 56 39 5 87 60 98 36 14 39 47 55 80 39 46 12 13 66 50 96 9 29 12 92 73 90 80 73 48 98 83 40 96 50 46 44 26 99 72 91 34 66 88 43 50 17 95 77 30 79 74 56 70 10 26 14 59 14 25 60 1 17 99 18 17 37 5 94 96 
75 9 16 13 92 48 71 64 19 48 74 24 41 4 2 56 71 48 89 86 0 58 9 84 82 7 85 29 74 4 68 16 59 63 89 94 75 12 38 10 8 24 53 17 65 43 6 41 60 36 11 50 80 14 28 64 36 36 1 8 17 14 40 52 38 33 96 4 19 36 37 64 73 22 49 41 29 61 63 33 6 5 52 28 28 43 54 43 28 76 66 81 42 52 8 14 74 10 99 24 
25 89 16 28 97 82 29 41 37 96 68 81 50 77 20 84 59 76 39 8 65 87 68 32 62 56 3 2 47 66 12 2 25 83 57 43 25 4 45 81 64 89 80 84 92 71 19 57 46 35 16 88 19 46 53 44 65 78 98 56 56 76 88 69 53 28 29 41 37 21 43 72 91 85 31 82 67 27 10 84 25 71 93 73 17 61 39 40 89 23 96 77 54 73 46 66 31 79 45 58 
33 89 88 34 50 95 4 68 30 68 78 30 67 10 37 93 25 14 90 8 32 19 84 37 22 68 49 97 8 13 34 13 88 66 64 6 51 17 1 44 38 47 29 72 45 90 90 32 41 62 31 0 73 99 12 45 32 15 74 87 39 32 77 54 21 83 37 73 74 81 41 28 76 18 46 96 33 83 65 76 91 59 44 92 2 40 5 19 0 92 80 20 91 31 7 95 43 93 98 49 
71 72 87 81 61 6 38 8 46 93 24 2 30 55 99 11 81 52 67 49 88 22 0 41 55 34 55 61 52 89 92 26 44 45 12 49 83 19 0 92 64 80 42 30 8 97 66 17 24 1 36 92 51 80 77 4 0 0 84 61 99 8 73 63 2 59 31 64 21 65 40 2 29 20 29 81 82 53 89 87 4 57 5 59 56 32 35 66 79 39 56 6 36 4 37 78 92 87 47 61 
86 5 98 14 91 63 19 68 68 64 21 51 39 85 87 55 91 66 8 42 42 2 7 62 15 20 3 32 65 92 92 13 77 74 17 46 42 96 68 51 82 10 30 50 23 25 27 32 14 71 92 94 79 64 40 83 13 14 68 83 29 67 59 60 7 15 91 37 92 62 31 46 82 76 32 88 91 45 99 86 92 60 22 94 32 62 81 85 42 48 18 44 19 80 5 14 20 39 66 89 
25 67 61 87 35 65 37 99 42 54 70 46 0 37 99 32 25 28 20 68 42 92 44 90 85 22 8 87 38 33 11 39 93 23 35 61 99 48 46 89 62 12 70 35 69 31 11 97 69 68 49 68 73 60 38 74 86 98 19 29 86 21 73 56 72 51 61 5 93 29 27 94 36 48 85 27 79 46 48 51 25 50 72 10 35 87 88 64 98 37 56 51 89 63 49 88 62 92 64 1 
47 69 1 26 1 61 84 40 59 18 1 16 37 20 93 88 85 23 71 98 75 98 67 12 54 82 44 3 15 23 50 39 61 21 32 92 55 26 52 37 63 86 43 56 45 61 72 34 65 12 93 94 37 90 85 0 63 47 72 92 73 65 3 39 82 91 55 58 4 72 52 54 23 49 84 36 7 94 74 93 9 21 27 38 96 83 69 87 30 61 50 62 12 91 24 16 43 37 74 65 
95 94 62 63 92 86 45 60 40 92 34 73 76 72 0 76 19 75 45 19 82 60 17 72 80 35 41 24 80 7 57 8 21 24 38 43 75 3 17 74 89 40 72 81 30 45 7 57 59 60 71 62 82 75 11 21 28 92 25 90 37 32 54 18 2 29 55 9 94 23 16 79 83 52 21 89 22 16 15 66 13 39 69 81 16 76 78 39 71 16 42 37 62 51 10 76 25 63 76 70 
53 97 26 43 28 50 6 21 37 19 0 81 17 33 19 67 26 88 47 10 91 16 0 87 22 25 20 70 59 62 23 29 39 46 68 65 81 15 42 78 43 74 29 91 6 42 71 75 74 67 42 57 50 6 45 12 36 14 4 27 71 65 63 47 18 72 17 52 75 21 98 33 78 88 12 73 22 38 38 31 66 76 27 83 50 22 39 86 0 11 3 60 73 59 16 79 22 62 98 49 
9 29 94 43 28 14 5 44 96 70 49 45 0 64 16 18 79 80 28 76 4 50 69 41 78 49 54 43 70 27 27 96 59 75 21 11 31 48 45 74 54 77 25 77 71 42 81 69 93 5 67 99 84 18 81 26 65 3 28 29 85 48 93 15 99 7 82 82 36 69 31 31 66 53 73 30 34 87 98 13 0 88 16 81 67 9 98 37 79 91 9 13 46 89 83 63 95 11 82 74 
23 25 73 1 78 99 76 74 59 44 75 75 70 10 34 44 32 52 85 14 26 22 1 65 2 45 37 63 32 42 65 72 55 34 72 39 91 92 9 99 73 90 17 23 48 63 56 86 57 8 83 46 21 20 79 57 88 50 25 13 65 54 0 45 18 94 96 79 48 50 89 33 29 35 52 9 84 34 76 78 17 71 52 47 63 92 52 39 51 85 15 2 38 25 1 62 37 96 36 85 
10 3 8 27 70 4 42 19 67 17 32 38 57 20 68 24 34 13 49 56 67 80 54 94 9 24 85 96 23 14 96 39 33 43 79 98 91 72 28 76 68 97 34 51 94 50 45 40 67 96 65 73 12 76 70 53 2 77 65 77 52 82 17 73 77 9 18 26 43 92 13 93 47 27 98 22 98 69 32 17 4 5 82 43 0 26 26 58 4 60 21 21 52 82 98 81 85 43 85 98 
32 73 8 43 11 23 57 80 60 95 3 67 50 83 8 35 5 60 14 50 33 52 59 76 67 79 23 21 48 1 65 2 58 31 34 72 25 71 46 80 13 44 1 62 12 48 44 2 9 48 47 64 68 62 28 13 8 21 74 95 25 46 1 52 35 53 10 87 30 51 79 41 66 15 66 93 91 57 34 72 96 47 63 42 22 31 42 53 23 1 75 41 70 80 86 1 14 54 81 22 
27 91 56 23 22 69 70 6 15 7 35 61 61 39 14 54 28 54 70 41 31 19 85 89 92 8 4 47 3 24 70 41 39 42 89 61 29 81 50 99 77 19 7 95 9 64 26 20 75 44 31 56 50 19 18 10 34 44 50 30 9 97 92 35 93 56 12 86 49 38 11 90 56 63 62 14 20 16 23 31 74 73 10 42 99 58 96 32 75 68 65 58 25 54 38 59 9 66 84 26 
